function ems = d_ems_wh_vtc_d11k450eu6_eSCR_B20()

% PVCS substitution variables
% check "Expand substitution variables" in the dialog when
% you "Get" the file from PVCS to have the fields
% filled with information.

ems.version_info.file_name='d_ems_wh_vtc_d11k450eu6_eSCR_B20.m';
ems.version_info.file_version='2.3';
% ems.version_info.file_status='IN_REVIEW';
%%

enginetype                      =  'd11B450euVI';

comp_info                       =  'Engine P3598 450Hp';

DATASET1_ID                     =  '***********';

DATASET2_ID                     =  '***********';

esc_END_GOV_ESPD                =  2300;

esc_MOMENTARY_MAX_ESPD          =  2300;

et_FILTER_CONST_DECAY           =  0.5;

et_FILTER_CONST_RISE            =  0.5;

igt_IDLE_TARGET_ESPD_DEFAULT    =  600;

mt_RATED_ENGINE_IND_TORQUE      =  2353;

mt_RATED_ENGINE_TORQUE          =  2193;

pd_POS_FILTER_TIME_CONSTANT     =  0.1;

pd_REFERENCE_IND_TRQ            =  2900;

pd_USE_RATED_IND_TRQ_AS_REF     =  1;

eb_EPG_MAX_TRQ_MAP_y            =  [
[700     ,800     ,1000    ,1200    ,1400    ,1600    ,1800    ,2000    ,2200    ,2400    ]
[490     ,500     ,520     ,550     ,570     ,590     ,610     ,630     ,650     ,670     ]
];

eb_EPG_MIN_TRQ_MAP_y            =  [
[800     ,1000    ,1200    ,1400    ,1600    ,1800    ,2000    ,2200    ,2400    ,2410    ]
[170     ,180     ,180     ,190     ,190     ,190     ,190     ,180     ,170     ,170     ]
];

eb_VEB_MAX_TRQ_MAP_y            =  [
[800     ,900     ,1000    ,1200    ,1400    ,1600    ,1800    ,2000    ,2200    ,2400    ]
[760     ,810     ,870     ,1010    ,1090    ,1130    ,1150    ,1150    ,1150    ,1140    ]
];

eb_VEB_MIN_TRQ_MAP_y            =  [
[800     ,1000    ,1200    ,1400    ,1600    ,1800    ,2000    ,2200    ,2400    ,2410    ]
[560     ,590     ,630     ,660     ,670     ,690     ,690     ,690     ,670     ,670     ]
];

fr_TORQUE_MAP_y                 =  [
[600     ,800     ,1000    ,1200    ,1400    ,1600    ,1800    ,2000    ,2200    ,2400    ]
[105     ,115     ,128     ,143     ,160     ,180     ,203     ,229     ,259     ,294     ]
];

mt_MAX_TORQUE_HIGH_MAP_y        =  [
[600     ,700     ,800     ,900     ,950     ,1000    ,1100    ,1200    ,1300    ,1400    ,1500    ,1600    ,1700    ,1800    ,1900    ,2000    ,2100    ,2150    ,2200    ,2300    ]
[1050    ,1200    ,1400    ,1700    ,1900    ,2193    ,2193    ,2193    ,2193    ,2193    ,2091    ,2009    ,1892    ,1792    ,1693    ,1438    ,1196    ,1074    ,800     ,500     ]
];

al_MAX_ACC_MAP_z                =  [
[0       ,1100    ,1300    ,1500    ,1700    ,1800    ,1900    ,2000    ,2100    ]
[99      ,2500    ,2500    ,2500    ,2500    ,2500    ,2500    ,2500    ,2500    ]
[100     ,750     ,610     ,500     ,500     ,550     ,600     ,600     ,600     ]
[150     ,750     ,610     ,600     ,650     ,650     ,650     ,600     ,600     ]
[192     ,750     ,600     ,600     ,650     ,650     ,650     ,600     ,600     ]
[245     ,500     ,300     ,200     ,200     ,200     ,200     ,300     ,300     ]
[327     ,400     ,300     ,150     ,150     ,200     ,200     ,300     ,300     ]
[417     ,400     ,300     ,400     ,400     ,400     ,250     ,300     ,300     ]
[540     ,350     ,350     ,350     ,350     ,350     ,300     ,350     ,350     ]
];

pd_PEDAL_PERC_MAP_z             =  [
[0       ,0       ,600     ,650     ,700     ,750     ,800     ,900     ,1000    ,1100    ,1200    ,1300    ,1400    ,1500    ,1600    ,1700    ,1800    ,1900    ,2000    ,2100    ,2300    ]
[0       ,4.4     ,0       ,0       ,0       ,0       ,0       ,0       ,0       ,0       ,0       ,0       ,0       ,0       ,0       ,0       ,0       ,0       ,0       ,0       ,0       ]
[3.03    ,0       ,0       ,0       ,0       ,0       ,0       ,0       ,0       ,0       ,0       ,0       ,0       ,0       ,0       ,0       ,0       ,0       ,0       ,0       ,0       ]
[4.98    ,1.6     ,1.6     ,1.6     ,1.6     ,1.6     ,1.6     ,1.2     ,1.2     ,1.2     ,0.8     ,0.8     ,0.8     ,0.8     ,0.8     ,0.4     ,0.4     ,0.4     ,0.4     ,0.4     ,0.4     ]
[9.96    ,6.4     ,6.4     ,6.4     ,6.4     ,6       ,5.6     ,4.8     ,4       ,3.6     ,3.2     ,3.2     ,2.8     ,2.4     ,2.4     ,2       ,2       ,2       ,1.6     ,1.6     ,1.6     ]
[15.04   ,14      ,14      ,14      ,14      ,12.8    ,12      ,10.4    ,8.8     ,8       ,7.2     ,6.4     ,6       ,5.6     ,4.8     ,4.8     ,4.4     ,4       ,3.6     ,3.6     ,3.2     ]
[20.02   ,23.6    ,23.6    ,23.6    ,23.6    ,22      ,20.4    ,17.6    ,15.2    ,13.6    ,12.4    ,11.2    ,10      ,9.2     ,8.4     ,8       ,7.2     ,6.8     ,6.4     ,6       ,5.6     ]
[24.9    ,32.8    ,32.8    ,32.8    ,32.8    ,31.2    ,29.6    ,26.4    ,23.2    ,20.8    ,18.4    ,16.8    ,15.2    ,14      ,12.8    ,12      ,11.2    ,10.4    ,10      ,9.2     ,8.4     ]
[29.98   ,41.6    ,41.6    ,41.6    ,41.6    ,40      ,38.4    ,35.6    ,32.4    ,29.2    ,26      ,23.6    ,21.6    ,20      ,18.4    ,16.8    ,15.6    ,14.8    ,14      ,13.2    ,11.6    ]
[34.96   ,50.4    ,50.4    ,50.4    ,50.4    ,48.8    ,47.2    ,44      ,41.2    ,38      ,34.8    ,31.6    ,28.8    ,26.4    ,24.4    ,22.8    ,21.2    ,19.6    ,18.4    ,17.2    ,15.6    ]
[40.04   ,58.8    ,58.8    ,58.8    ,58.8    ,57.2    ,55.6    ,52.8    ,49.6    ,46.4    ,43.2    ,40      ,37.2    ,34      ,31.2    ,29.2    ,27.2    ,25.2    ,23.6    ,22.4    ,20      ]
[50      ,75.2    ,75.2    ,75.2    ,75.2    ,74      ,72.4    ,69.2    ,66      ,62.8    ,59.6    ,56.8    ,53.6    ,50.4    ,47.2    ,44      ,41.2    ,38.4    ,36      ,34      ,30.4    ]
[59.96   ,91.2    ,91.2    ,91.2    ,91.2    ,89.6    ,88.4    ,85.2    ,82      ,78.8    ,75.6    ,72.4    ,69.6    ,66.4    ,63.2    ,60      ,56.8    ,54      ,50.8    ,47.6    ,42.4    ]
[70.02   ,100     ,100     ,100     ,100     ,100     ,100     ,100     ,97.6    ,94.4    ,91.2    ,88      ,84.8    ,82      ,78.8    ,75.6    ,72.4    ,69.2    ,66.4    ,63.2    ,56.8    ]
[79.98   ,100     ,100     ,100     ,100     ,100     ,100     ,100     ,100     ,100     ,100     ,100     ,100     ,98      ,94.8    ,91.6    ,88.8    ,85.6    ,82.4    ,79.2    ,73.2    ]
[90.04   ,100     ,100     ,100     ,100     ,100     ,100     ,100     ,100     ,100     ,100     ,100     ,100     ,100     ,100     ,100     ,100     ,100     ,100     ,97.2    ,91.2    ]
[100     ,100     ,100     ,100     ,100     ,100     ,100     ,100     ,100     ,100     ,100     ,100     ,100     ,100     ,100     ,100     ,100     ,100     ,100     ,100     ,100     ]
];

pd_PEDAL_PERC_MAP2_z            =  [
[0       ,0       ,400     ,500     ,600     ,700     ,800     ,900     ,1000    ,1100    ,1200    ,1300    ,1400    ,1500    ,1600    ,1700    ,1800    ,1900    ,2000    ,2100    ,2300    ]
[0       ,0       ,0       ,0       ,0       ,0       ,0       ,0       ,0       ,0       ,0       ,0       ,0       ,0       ,0       ,0       ,0       ,0       ,0       ,0       ,0       ]
[4.98    ,0       ,6       ,6       ,6       ,4.8     ,4.8     ,4.8     ,4       ,4       ,4       ,3.2     ,3.2     ,3.2     ,2       ,2       ,2       ,0.8     ,0.8     ,0.8     ,0       ]
[9.96    ,0       ,12      ,12      ,11.2    ,11.2    ,10      ,10      ,8.8     ,8.8     ,8       ,7.2     ,7.2     ,6       ,6       ,4.8     ,4.8     ,4       ,4       ,3.2     ,2       ]
[15.04   ,0       ,18      ,18      ,16.8    ,16      ,15.2    ,15.2    ,14      ,12.8    ,12      ,12      ,11.2    ,10      ,8.8     ,8.8     ,8       ,7.2     ,6       ,6       ,4       ]
[20.02   ,0       ,28      ,24      ,23.2    ,20.8    ,20.8    ,20      ,19.2    ,18      ,16.8    ,16      ,16      ,15.2    ,14      ,12.8    ,12      ,11.2    ,11.2    ,10      ,8       ]
