function engplnt = d_engplnt_wh_vtc_d16g750eu5()

% PVCS substitution variables
% check "Expand substitution variables" in the dialog when
% you "Get" the file from PVCS to have the fields
% filled with information.
engplnt.version_info.file_name='%PM%';
engplnt.version_info.file_version='%PR%';

enginetype = 'd16g750eu5';
comp_info = 'Engine D16G 750 hp';
DATASET1_ID = 'xxx';
DATASET2_ID = 'xxx';
%_______________________________________________________
%%%%%%%%%%%%%%%%%%%%% STEADY STATE DATA %%%%%%%%%%%%%%%%

% TDATA
% + - - - > Speed [rpm]
% | * * *
% | * flw_fuel[mg/str]flw_injfuel
% \/
% trq_engine[N/m]trq_engine
Tdata                          = [
[0       ,700     ,800     ,900     ,1000    ,1100    ,1200    ,1300    ,1400    ,1500    ,1600    ,1700    ,1800    ,1900    ,2000    ]
[-400    ,-22.48  ,-22.03  ,-21.29  ,-20.73  ,-18.64  ,-17.66  ,-16.38  ,-15.12  ,-13.42  ,-11.93  ,-10.07  ,-8.26   ,-6.43   ,-4.57   ]
[-300    ,-13.63  ,-13.07  ,-12.23  ,-11.43  ,-9.74   ,-8.65   ,-7.36   ,-6.07   ,-4.47   ,-2.96   ,-1.16   ,0.62    ,2.44    ,4.21    ]
[-200    ,-4.78   ,-4.12   ,-3.17   ,-2.14   ,-0.85   ,0.36    ,1.67    ,2.99    ,4.47    ,6.01    ,7.75    ,9.51    ,11.31   ,12.99   ]
[-100    ,4.07    ,4.84    ,5.89    ,7.16    ,8.05    ,9.37    ,10.7    ,12.04   ,13.42   ,14.97   ,16.66   ,18.39   ,20.18   ,21.77   ]
[0       ,12.92   ,13.83   ,14.95   ,16.48   ,16.99   ,18.39   ,19.73   ,21.11   ,22.36   ,23.95   ,25.57   ,27.32   ,29.04   ,30.62   ]
[100     ,23.12   ,24.24   ,24.72   ,26.09   ,26.66   ,28.03   ,29.21   ,30.38   ,31.93   ,33.46   ,34.99   ,36.68   ,38.51   ,40.35   ]
[200     ,33.46   ,34.64   ,34.58   ,35.7    ,36.34   ,37.68   ,38.71   ,39.66   ,41.58   ,43      ,44.43   ,46.05   ,48.04   ,50.09   ]
[300     ,43.69   ,44.27   ,44.76   ,45.54   ,46.28   ,47.3    ,48.59   ,49.47   ,51.64   ,52.67   ,53.9    ,55.62   ,57.64   ,59.95   ]
[400     ,53.93   ,53.74   ,54.94   ,55.38   ,56.25   ,56.91   ,58.49   ,59.39   ,61.7    ,62.35   ,63.38   ,65.29   ,67.26   ,69.81   ]
[500     ,64.21   ,64.11   ,65.04   ,65.56   ,66.17   ,66.92   ,68.52   ,69.33   ,71.53   ,71.97   ,73.05   ,75.32   ,77.45   ,80.12   ]
[600     ,74.5    ,74.54   ,75.15   ,75.77   ,76.08   ,76.94   ,78.58   ,79.29   ,81.35   ,81.59   ,82.72   ,85.32   ,87.63   ,90.43   ]
[700     ,85.4    ,85.27   ,85.6    ,85.95   ,85.97   ,88.91   ,89.6    ,89.62   ,92.51   ,91.87   ,92.91   ,94.95   ,97.12   ,100.11  ]
[800     ,96.34   ,95.99   ,96.05   ,96.12   ,95.84   ,101.08  ,100.62  ,99.94   ,103.71  ,102.15  ,103.11  ,104.58  ,106.61  ,109.78  ]
[900     ,107.28  ,106.77  ,106.63  ,106.94  ,106.39  ,111.38  ,110.86  ,110.1   ,114.2   ,113.03  ,114.13  ,114.78  ,117.03  ,120.21  ]
[1000    ,118.24  ,117.54  ,117.32  ,117.84  ,116.91  ,121.62  ,120.76  ,120.26  ,124.69  ,123.96  ,125.2   ,125     ,127.45  ,130.74  ]
[1100    ,129.67  ,128.72  ,128.37  ,128.06  ,127.05  ,130.23  ,130.41  ,131.24  ,134.4   ,133.93  ,135.86  ,135.42  ,137.96  ,141.93  ]
[1200    ,141.1   ,139.91  ,139.42  ,138.24  ,137.2   ,139.02  ,140.04  ,142.16  ,144.1   ,143.92  ,146.44  ,145.84  ,148.49  ,153.19  ]
[1300    ,153.34  ,151.18  ,150.26  ,148.78  ,147.45  ,149.13  ,149.74  ,151.76  ,153.69  ,154.14  ,156.49  ,156.06  ,159.13  ,164.38  ]
[1400    ,165.69  ,162.81  ,161.01  ,159.32  ,157.7   ,159.24  ,159.49  ,161.3   ,163.27  ,164.37  ,166.57  ,166.28  ,169.78  ,175.56  ]
[1500    ,179.33  ,175.48  ,172.44  ,170.02  ,168.67  ,169.38  ,169.84  ,170.4   ,174.67  ,174.53  ,176.84  ,176.58  ,180.8   ,186.32  ]
[1600    ,192.99  ,188.15  ,183.87  ,180.78  ,179.71  ,179.52  ,180.18  ,179.5   ,186.14  ,184.71  ,187.38  ,186.88  ,191.84  ,197.04  ]
[1700    ,206.49  ,200.68  ,195.27  ,192.15  ,189.67  ,190.26  ,190.79  ,189.41  ,195.11  ,195.3   ,198.63  ,197.96  ,203.27  ,208.57  ]
[1800    ,220     ,213.22  ,206.77  ,203.53  ,199.6   ,201.02  ,201.38  ,199.62  ,204.08  ,205.9   ,209.83  ,209.05  ,214.68  ,220.13  ]
[1900    ,233.5   ,225.82  ,218.6   ,214.09  ,210.48  ,213.81  ,211.64  ,210.97  ,214.6   ,216.64  ,220.72  ,220.11  ,225.94  ,227.64  ]
[2000    ,247.01  ,238.43  ,230.51  ,224.63  ,221.36  ,226.02  ,221.91  ,222.32  ,225.1   ,227.34  ,231.61  ,231.18  ,237.25  ,235.15  ]
[2100    ,260.51  ,251.03  ,242.99  ,235.64  ,232.16  ,236     ,232.63  ,233.17  ,235.51  ,237.89  ,242.29  ,242.16  ,248.79  ,242.66  ]
[2200    ,274.02  ,263.63  ,255.47  ,246.89  ,242.8   ,245.99  ,243.36  ,243.92  ,246.04  ,248.47  ,252.99  ,253.13  ,260.33  ,250.17  ]
[2300    ,287.52  ,276.24  ,267.95  ,258.19  ,252.98  ,254.12  ,253.84  ,253.24  ,257.2   ,259.29  ,264.36  ,264.62  ,271.42  ,257.68  ]
[2400    ,301.03  ,288.84  ,280.43  ,269.5   ,263.25  ,262.2   ,264.33  ,262.56  ,268.38  ,270.14  ,275.75  ,276.17  ,282.57  ,265.19  ]
[2500    ,314.53  ,301.44  ,292.91  ,280.14  ,275.12  ,272.58  ,274.88  ,272.64  ,280.15  ,281.99  ,287.56  ,288.12  ,294.68  ,272.7   ]
[2600    ,328.04  ,314.05  ,305.39  ,290.73  ,286.98  ,283.29  ,285.44  ,282.72  ,291.92  ,293.85  ,299.42  ,300.07  ,306.79  ,280.22  ]
[2700    ,341.54  ,326.65  ,317.87  ,302.61  ,297.64  ,294.24  ,296.41  ,294.08  ,302.47  ,306.01  ,311.69  ,313     ,320.13  ,287.73  ]
[2800    ,355.05  ,339.26  ,330.35  ,314.49  ,308.07  ,305.44  ,307.46  ,305.79  ,313.12  ,318.11  ,323.93  ,326.16  ,333.48  ,295.24  ]
[2900    ,368.55  ,351.86  ,342.82  ,324.99  ,318.73  ,317.48  ,318.77  ,318.6   ,324.97  ,329.6   ,335.79  ,340.27  ,346.82  ,302.75  ]
[3000    ,382.05  ,364.46  ,355.3   ,335.4   ,329.42  ,329.51  ,330.02  ,331.41  ,336.83  ,341.09  ,347.66  ,354.38  ,360.16  ,310.26  ]
[3100    ,395.56  ,377.07  ,367.78  ,346.85  ,341.23  ,340.78  ,341.13  ,342.99  ,349.16  ,353.57  ,361.19  ,368.49  ,373.51  ,317.77  ]
[3200    ,409.06  ,389.67  ,380.26  ,358.3   ,353.19  ,352.03  ,352.23  ,355.26  ,361.5   ,366.43  ,374.73  ,382.61  ,386.85  ,325.28  ]
[3300    ,422.57  ,402.28  ,392.74  ,369.75  ,364.86  ,363.25  ,363.18  ,371.5   ,375.37  ,381.6   ,388.27  ,396.72  ,400.19  ,332.79  ]
[3400    ,436.07  ,414.88  ,405.22  ,381.2   ,376.53  ,374.61  ,375.62  ,387.27  ,389.26  ,396.78  ,401.8   ,410.83  ,413.54  ,340.3   ]
[3500    ,449.58  ,427.48  ,417.7   ,392.65  ,388.39  ,387.16  ,391     ,400.65  ,403.14  ,411.95  ,415.34  ,424.95  ,426.88  ,347.81  ]
[3600    ,463.08  ,440.09  ,430.18  ,404.1   ,400.24  ,399.7   ,406.38  ,414.03  ,417.03  ,427.13  ,428.87  ,439.06  ,440.22  ,355.33  ]
];

% SBOOST
% + - - - > Speed [rpm]
% | * * *
% | * se_boostpres[KPa]ecu005
% \/
% flw_fuel[mg/str]flw_injfuel
SBoost                         = [
[0       ,700     ,800     ,900     ,1000    ,1100    ,1200    ,1300    ,1400    ,1500    ,1600    ,1700    ,1800    ,1900    ,2000    ]
[0       ,104.74  ,106.37  ,107.84  ,109.25  ,110.17  ,110.68  ,111.57  ,112.11  ,111.74  ,112.3   ,112.26  ,112.2   ,111.13  ,110.91  ]
[10      ,105.09  ,106.61  ,107.94  ,109.32  ,110.66  ,111.48  ,112.69  ,113.65  ,113.94  ,114.92  ,115.43  ,116.06  ,115.84  ,116.43  ]
[20      ,105.44  ,106.84  ,108.05  ,109.4   ,111.14  ,112.28  ,113.82  ,115.2   ,116.13  ,117.53  ,118.6   ,119.93  ,120.55  ,121.96  ]
[30      ,105.79  ,107.08  ,108.15  ,109.48  ,111.62  ,113.07  ,114.95  ,116.75  ,118.33  ,120.14  ,121.77  ,123.79  ,125.25  ,127.48  ]
[40      ,106.78  ,107.77  ,108.96  ,110.2   ,112.43  ,114.03  ,116.34  ,118.29  ,120.52  ,122.76  ,124.94  ,127.66  ,129.96  ,133     ]
[50      ,108.03  ,109.26  ,110.34  ,111.72  ,114.5   ,116.93  ,119.83  ,122.07  ,125.17  ,127.59  ,129.7   ,132.65  ,135.36  ,138.75  ]
[60      ,109.6   ,111.08  ,112.29  ,113.58  ,117.11  ,120.13  ,123.56  ,126.33  ,130.23  ,132.82  ,135.37  ,139.38  ,142.92  ,146.95  ]
[70      ,111.39  ,113.13  ,114.67  ,115.96  ,120.1   ,124.02  ,128.4   ,131.74  ,136.48  ,139.02  ,141.85  ,146.93  ,150.89  ,155.19  ]
