function engplnt = d_engplnt_wh_vtc_d13c540eu5()

% PVCS substitution variables
% check "Expand substitution variables" in the dialog when
% you "Get" the file from PVCS to have the fields
% filled with information.
engplnt.version_info.file_name='%PM%';
engplnt.version_info.file_version='%PR%';

enginetype = 'd13c540eu5';

comp_info = 'Engine P3143 540 hp';

DATASET1_ID = 'xxx';

DATASET2_ID = 'xxx';

Tdata = [																				
[	0	600	750	900	1000	1050	1100	1200	1250	1300	1350	1400	1450	1500	1550	1650	1750	1800	1900	]
[	-400	-28.6	-29.2	-28.6	-26.1	-24.7	-23.6	-21.7	-20.9	-20.2	-19.7	-19.3	-19.1	-18.6	-18.1	-16.9	-15.7	-15.1	-13.4	]
[	0	10.9	12.5	13.9	13.9	13.7	13.7	14.0	14.2	14.5	14.9	15.4	16.1	16.5	17.0	18.1	19.2	19.9	20.3	]
[	91	19.3	21.8	23.2	22.6	22.1	21.9	22.0	22.1	22.4	22.8	23.3	24.0	24.5	25.4	26.5	27.7	28.3	28.4	]
[	182	28.2	30.4	31.6	31.2	30.7	30.3	30.7	30.8	31.0	31.4	31.9	32.4	32.9	34.4	35.4	36.8	37.2	37.0	]
[	273	37.5	39.0	39.9	39.7	39.4	39.0	39.7	39.8	40.1	40.5	40.9	41.4	41.9	43.3	44.1	45.5	45.9	46.1	]
[	364	46.9	47.6	48.3	48.5	48.3	47.9	48.7	49.0	49.4	49.8	50.2	50.7	51.2	52.0	52.6	54.1	54.8	55.3	]
[	455	56.6	56.6	57.1	57.4	57.3	57.0	57.7	58.1	58.4	58.9	59.4	59.8	60.3	61.3	61.5	62.7	63.7	64.6	]
[	546	66.8	65.9	65.9	66.0	65.8	65.7	66.1	66.4	66.8	67.6	68.0	68.6	69.1	70.4	70.1	71.6	72.8	74.0	]
[	637	77.3	75.7	75.1	74.8	74.7	74.8	75.1	75.4	75.9	76.3	76.9	77.6	77.8	79.8	79.5	80.3	80.8	83.6	]
[	728	88.1	85.7	84.4	84.3	84.1	84.1	84.3	84.6	85.0	85.4	85.9	86.6	86.8	89.4	89.1	89.4	89.8	93.5	]
[	819	99.1	95.8	93.9	93.3	93.1	93.1	93.6	93.8	94.2	94.6	95.0	95.5	96.0	98.6	98.5	98.9	99.3	103.7	]
[	910	110.4	106.3	103.8	102.7	102.4	102.3	102.8	103.0	103.4	103.6	104.2	104.5	105.0	107.8	108.0	108.5	108.8	114.2	]
[	1001	121.8	117.1	114.0	112.8	112.3	111.8	112.1	112.2	112.5	112.6	112.9	113.4	113.8	113.8	117.5	117.9	118.5	125.0	]
[	1092	133.5	128.2	124.6	123.2	122.4	121.5	121.5	121.7	121.9	121.8	121.9	122.3	122.7	123.2	126.8	127.4	128.4	135.6	]
[	1183	145.4	139.3	135.1	133.7	132.8	131.4	131.3	131.4	131.6	131.4	131.2	131.5	131.8	132.4	135.9	136.9	138.5	145.1	]
[	1274	157.9	149.8	145.8	144.1	143.3	141.2	140.9	141.0	141.1	140.9	140.7	140.9	141.2	143.9	145.5	147.6	149.7	153.5	]
[	1365	170.1	160.9	156.4	154.0	153.0	152.1	150.4	150.3	150.3	150.1	150.0	150.3	150.6	151.7	154.9	156.7	159.0	163.9	]
[	1456	181.9	172.3	165.2	164.5	162.8	161.9	159.9	159.5	159.5	159.3	159.3	159.8	160.2	161.6	165.0	164.3	168.0	173.1	]
[	1547	193.5	183.5	176.7	174.5	172.6	171.4	169.3	168.8	168.7	168.6	168.7	169.3	169.8	171.7	172.7	175.6	178.4	181.7	]
[	1638	205.0	194.0	187.6	184.1	182.2	180.8	178.3	177.9	178.2	177.9	177.9	178.6	179.3	178.9	181.5	187.2	189.0	190.6	]
[	1729	216.3	204.6	197.0	193.7	191.6	190.1	187.0	186.7	187.0	186.9	187.0	187.9	188.6	188.5	191.5	197.5	199.1	201.4	]
[	1820	227.5	215.3	205.3	203.6	199.2	198.5	195.9	195.6	195.9	195.7	196.4	197.3	197.9	199.0	200.4	207.9	208.5	212.3	]
[	1911	238.7	226.2	215.1	214.0	210.0	207.8	205.6	205.2	205.5	205.6	206.1	206.9	207.8	208.8	210.7	218.3	218.2	224.2	]
[	2002	249.7	237.1	225.9	224.5	221.5	218.4	215.6	215.1	215.1	215.1	215.6	216.5	217.3	217.9	222.9	227.7	230.5	237.3	]
[	2093	260.4	247.9	236.7	234.0	231.0	229.2	225.6	224.8	224.6	224.6	225.2	226.3	227.8	229.4	234.6	240.3	242.8	250.4	]
[	2184	270.9	258.5	247.4	242.4	240.8	238.9	235.4	234.4	234.3	234.6	235.6	237.3	239.2	241.7	247.5	252.8	255.4	263.7	]
[	2275	281.1	268.7	257.8	251.5	250.1	248.3	244.7	244.0	244.2	245.2	246.7	249.0	251.3	254.4	260.5	264.4	267.5	277.2	]
[	2366	290.9	278.4	267.5	260.6	259.5	258.4	254.6	254.4	255.1	256.4	258.4	261.2	263.9	267.3	273.1	274.6	278.7	290.9	]
[	2457	300.4	287.7	276.6	269.4	268.6	269.0	265.1	265.6	266.9	268.7	271.2	274.4	277.3	280.5	282.7	287.1	291.8	304.8	]
[	2548	309.8	296.8	285.4	277.9	277.3	277.6	277.9	279.1	280.8	282.8	284.9	287.8	291.0	293.8	291.9	300.6	305.5	319.0	]
[	2639	319.3	306.1	294.5	287.1	286.0	286.0	290.2	291.5	293.3	295.3	297.5	300.8	304.4	300.9	306.8	314.6	319.7	333.5	]
[	2730	329.2	316.2	304.7	297.6	296.2	295.5	301.5	303.1	305.2	307.6	310.2	313.9	318.0	313.6	321.1	328.9	334.1	348.1	]
[	2821	339.6	327.0	316.1	309.1	307.9	307.5	314.5	316.2	318.4	321.0	323.7	327.6	331.9	327.5	335.4	343.3	348.7	362.9	]
[	2912	350.4	338.4	328.4	321.3	320.4	320.7	328.7	330.6	332.9	335.4	338.1	341.9	346.2	341.6	349.9	357.9	363.4	377.7	]
[	3003	361.7	350.5	341.4	334.2	333.9	334.8	343.9	345.9	348.2	350.7	353.2	356.9	361.0	356.2	364.5	372.6	378.1	392.5	]];

smoother_tdata_map_needed = 0;

DEB_TurboEfficiency = [
0.3	0.2906	0.277	0.2605	0.2414	0.2194	0.1935	0.1629	0.1276	0.0923	0.0711	0.0819	0.1272	0.1933	0.2636	0.3251	0.3701	0.3971	0.4077	0.4058	0.3954	0.3806	0.3645	0.35 0.35 0.35 0.35
0.3307	0.3318	0.3303	0.3274	0.3237	0.3191	0.3128	0.3031	0.2857	0.2531	0.2109	0.2107	0.2587	0.3199	0.3843	0.4349	0.4647	0.4767	0.4732	0.4592	0.4398	0.4189	0.3996	0.3832 0.3832 0.3832 0.3832
0.3522	0.3637	0.3754	0.3879	0.4022	0.4191	0.4395	0.4647	0.4969	0.5404	0.5915	0.5593	0.5006	0.4836	0.4891	0.4916	0.4939	0.4986	0.486	0.4728	0.455	0.438	0.4228	0.409 0.409 0.409 0.409
0.3638	0.3843	0.4071	0.4327	0.4616	0.4946	0.5324	0.5758	0.624	0.6711	0.701	0.7069	0.6712	0.6144	0.5737	0.5368	0.5092	0.4825	0.4629	0.4507	0.4523	0.4487	0.4402	0.4298 0.4298 0.4298 0.4298
0.3643	0.3915	0.4224	0.4569	0.4946	0.5353	0.578	0.621	0.6609	0.6932	0.7166	0.7275	0.7045	0.6669	0.6232	0.5908	0.5526	0.5317	0.5159	0.5013	0.4863	0.4736	0.462	0.4505 0.4505 0.4505 0.4505
0.3542	0.3859	0.4223	0.4623	0.5049	0.5487	0.5919	0.632	0.6669	0.6949	0.7184	0.7327	0.7163	0.6885	0.6522	0.6157	0.5806	0.5537	0.5375	0.5255	0.512	0.4974	0.4831	0.4696 0.4696 0.4696 0.4696
0.3362	0.371	0.4112	0.4553	0.5013	0.5472	0.5911	0.631	0.6653	0.693	0.7144	0.7288	0.7215	0.6969	0.6618	0.6247	0.5911	0.5677	0.5524	0.5407	0.5274	0.5128	0.498	0.4837 0.4837 0.4837 0.4837
0.3153	0.3523	0.3961	0.4436	0.4924	0.5403	0.5856	0.6268	0.6624	0.6915	0.7134	0.7251	0.7205	0.6987	0.6668	0.6314	0.6	0.575	0.5583	0.5471	0.5344	0.5202	0.5056	0.4914 0.4914 0.4914 0.4914
0.3	0.3394	0.3856	0.4348	0.4847	0.5336	0.5798	0.6219	0.6585	0.688	0.7086	0.7182	0.7162	0.6985	0.6686	0.6328	0.6042	0.5794	0.5622	0.5494	0.5355	0.5208	0.5064	0.4929 0.4929 0.4929 0.4929
0.3048	0.342	0.3857	0.4331	0.4816	0.5295	0.5751	0.6169	0.6535	0.6833	0.7047	0.7152	0.711	0.6947	0.6677	0.634	0.6052	0.5804	0.5609	0.5457	0.5298	0.5145	0.5009	0.4891 0.4891 0.4891 0.4891
0.3177	0.353	0.3934	0.4372	0.4825	0.5277	0.571	0.611	0.6464	0.6754	0.6963	0.7067	0.704	0.6879	0.6632	0.632	0.6021	0.5779	0.5567	0.5349	0.516	0.5019	0.4911	0.4823 0.4823 0.4823 0.4823
0.3325	0.3659	0.4033	0.4434	0.4848	0.5263	0.5663	0.6034	0.6362	0.6634	0.6834	0.6947	0.6955	0.6846	0.6603	0.6291	0.5991	0.5721	0.5451	0.5148	0.4982	0.4886	0.4819	0.4764 0.4764 0.4764 0.4764
0.3465	0.378	0.4124	0.4489	0.4864	0.5238	0.5599	0.5933	0.6229	0.6474	0.6655	0.6761	0.6778	0.6694	0.6506	0.6243	0.5935	0.5611	0.5279	0.5059	0.4925	0.4847	0.4798	0.4759 0.4759 0.4759 0.4759
0.3583	0.3878	0.4194	0.4524	0.4861	0.5194	0.5514	0.5809	0.6068	0.6282	0.6438	0.6527	0.654	0.6472	0.6324	0.6109	0.5849	0.5573	0.5317	0.5121	0.4992	0.4912	0.4859	0.4818 0.4818 0.4818 0.4818
0.3672	0.3946	0.4235	0.4534	0.4834	0.5129	0.541	0.5667	0.5892	0.6075	0.6208	0.6284	0.6297	0.6246	0.6134	0.5972	0.5777	0.5571	0.5379	0.522	0.5103	0.5022	0.4964	0.4913 0.4913 0.4913 0.4913
0.3731	0.3984	0.4248	0.4516	0.4784	0.5044	0.529	0.5514	0.5709	0.5867	0.5983	0.6051	0.6069	0.6037	0.5959	0.5844	0.5705	0.5556	0.5414	0.5291	0.5191	0.5115	0.5056	0.5 0.5 0.5 0.5
];

SBoost = [																				
[	0	600	750	900	1000	1050	1100	1200	1250	1300	1350	1400	1450	1500	1550	1650	1750	1800	1900	]
[	0	103.5	105.3	107.0	108.2	108.9	109.5	110.9	111.7	112.4	113.1	113.7	114.4	115.0	115.6	116.6	117.6	118.0	118.8	]
[	9.7	103.9	105.3	106.6	107.7	108.2	108.9	110.2	110.9	111.7	112.4	113.2	114.0	114.6	115.3	116.7	117.9	118.5	119.4	]
