function ems = d_ems_wh_vtc_d11k450eu6_C1()

% PVCS substitution variables
% check "Expand substitution variables" in the dialog when
% you "Get" the file from PVCS to have the fields
% filled with information.

ems.version_info.file_name='d_ems_wh_vtc_d11k450eu6_C1.m';
ems.version_info.file_version='2.3';
% ems.version_info.file_status='IN_REVIEW'
%%

enginetype                      =  'd11k450eu6';

comp_info                       =  'Engine d_eng1_vtc_d11k450eu6_C1 450Hp';

DATASET1_ID                     =  '***********';

DATASET2_ID                     =  '***********';

esc_END_GOV_ESPD                =  2300;

esc_MOMENTARY_MAX_ESPD          =  2300;

et_FILTER_CONST_DECAY           =  0.5;

et_FILTER_CONST_RISE            =  0.5;

igt_IDLE_TARGET_ESPD_DEFAULT    =  600;

mt_RATED_ENGINE_IND_TORQUE      =  2353;

mt_RATED_ENGINE_TORQUE          =  2193;

pd_POS_FILTER_TIME_CONSTANT     =  0.1;

pd_REFERENCE_IND_TRQ            =  2900;

pd_USE_RATED_IND_TRQ_AS_REF     =  1;

eb_EPG_MAX_TRQ_MAP_y            =  [
[700     ,800     ,1000    ,1200    ,1400    ,1600    ,1800    ,2000    ,2200    ,2400    ]
[110     ,420     ,480     ,510     ,540     ,570     ,600     ,620     ,630     ,650     ]
];

eb_EPG_MIN_TRQ_MAP_y            =  [
[600     ,800     ,1000    ,1200    ,1400    ,1600    ,1800    ,2000    ,2200    ,2400    ]
[101     ,110     ,120     ,133     ,150     ,169     ,193     ,218     ,244     ,273     ]
];

eb_VEB_MAX_TRQ_MAP_y            =  [
[800     ,900     ,1000    ,1200    ,1400    ,1600    ,1800    ,2000    ,2200    ,2400    ]
[720     ,790     ,860     ,1010    ,1070    ,1100    ,1120    ,1130    ,1140    ,1130    ]
];

eb_VEB_MIN_TRQ_MAP_y            =  [
[600     ,800     ,1000    ,1200    ,1400    ,1600    ,1800    ,2000    ,2200    ,2400    ]
[101     ,110     ,120     ,133     ,150     ,169     ,193     ,218     ,244     ,273     ]
];

fr_TORQUE_MAP_y                 =  [
[600     ,800     ,1000    ,1200    ,1400    ,1600    ,1800    ,2000    ,2200    ,2400    ]
[101     ,110     ,120     ,133     ,150     ,169     ,193     ,218     ,244     ,273     ]
];

mt_MAX_TORQUE_HIGH_MAP_y        =  [
[560     ,700     ,800     ,900     ,950     ,1000    ,1100    ,1200    ,1300    ,1400    ,1500    ,1600    ,1700    ,1800    ,1900    ,2000    ,2100    ,2150    ,2200    ,2300    ]
[1000    ,1200    ,1400    ,1700    ,1900    ,2193    ,2193    ,2193    ,2193    ,2193    ,2091    ,2000    ,1892    ,1792    ,1693    ,1438    ,1196    ,1074    ,800     ,500     ]
];

al_MAX_ACC_MAP_z                =  [
[0       ,1100    ,1300    ,1500    ,1700    ,1800    ,1900    ,2000    ,2100    ]
[99      ,2500    ,2500    ,2500    ,2500    ,2500    ,2500    ,2500    ,2500    ]
[100     ,750     ,610     ,500     ,500     ,550     ,600     ,600     ,600     ]
[150     ,750     ,610     ,600     ,650     ,650     ,650     ,600     ,600     ]
[192     ,750     ,600     ,600     ,650     ,650     ,650     ,600     ,600     ]
[245     ,500     ,300     ,200     ,200     ,200     ,200     ,300     ,300     ]
[327     ,400     ,300     ,150     ,150     ,200     ,200     ,300     ,300     ]
[417     ,400     ,300     ,400     ,400     ,400     ,250     ,300     ,300     ]
[540     ,350     ,350     ,350     ,350     ,350     ,300     ,350     ,350     ]
];

pd_PEDAL_PERC_MAP_z             =  [
[0       ,0       ,400     ,500     ,600     ,700     ,800     ,900     ,1000    ,1100    ,1200    ,1300    ,1400    ,1500    ,1600    ,1700    ,1800    ,1900    ,2000    ,2100    ,2300    ]
[0       ,0       ,0       ,0       ,0       ,0       ,0       ,0       ,0       ,0       ,0       ,0       ,0       ,0       ,0       ,0       ,0       ,0       ,0       ,0       ,0       ]
[4.98    ,0       ,6       ,6       ,6       ,4.8     ,4.8     ,4.8     ,4       ,4       ,4       ,3.2     ,3.2     ,3.2     ,2       ,2       ,2       ,0.8     ,0.8     ,0.8     ,0       ]
[9.96    ,0       ,12      ,12      ,11.2    ,11.2    ,10      ,10      ,8.8     ,8.8     ,8       ,7.2     ,7.2     ,6       ,6       ,4.8     ,4.8     ,4       ,4       ,3.2     ,2       ]
[15.04   ,0       ,18      ,18      ,16.8    ,16      ,15.2    ,15.2    ,14      ,12.8    ,12      ,12      ,11.2    ,10      ,8.8     ,8.8     ,8       ,7.2     ,6       ,6       ,4       ]
[20.02   ,0       ,28      ,24      ,23.2    ,20.8    ,20.8    ,20      ,19.2    ,18      ,16.8    ,16      ,16      ,15.2    ,14      ,12.8    ,12      ,11.2    ,11.2    ,10      ,8       ]
[24.9    ,0       ,44.8    ,36.8    ,32      ,28.8    ,27.2    ,24.8    ,23.2    ,22      ,20.8    ,20      ,19.2    ,19.2    ,18      ,16.8    ,16.8    ,16      ,15.2    ,15.2    ,12.8    ]
[29.98   ,0       ,60.8    ,50      ,42      ,36.8    ,32.8    ,30      ,28      ,26      ,24.8    ,24      ,23.2    ,22      ,22      ,20.8    ,20.8    ,20.8    ,20      ,20      ,19.2    ]
[34.96   ,0       ,79.2    ,64      ,54      ,47.2    ,42      ,38      ,35.2    ,32.8    ,31.2    ,28.8    ,28      ,27.2    ,26      ,24.8    ,24.8    ,24      ,24      ,24      ,23.2    ]
[40.04   ,0       ,94      ,76      ,64      ,56      ,50      ,44.8    ,40.8    ,38      ,36      ,34      ,32      ,31.2    ,30      ,28.8    ,28      ,28      ,27.2    ,27.2    ,26      ]
[45.02   ,0       ,102     ,92      ,76.8    ,67.2    ,59.2    ,52.8    ,48.8    ,44.8    ,42      ,40      ,38      ,36      ,35.2    ,34      ,32      ,32      ,31.2    ,30      ,28.8    ]
[50      ,0       ,102     ,102     ,90      ,78      ,68.8    ,62      ,56.8    ,52      ,48.8    ,46      ,43.2    ,40.8    ,40      ,38      ,36.8    ,36      ,35.2    ,34      ,32      ]
[59.96   ,0       ,102     ,102     ,102     ,100     ,88      ,79.2    ,72      ,66      ,62      ,58      ,55.2    ,52      ,48.8    ,47.2    ,46      ,44      ,42      ,40.8    ,39.2    ]
[70.02   ,0       ,102     ,102     ,102     ,102     ,102     ,96      ,87.2    ,80      ,74      ,68.8    ,64.8    ,62      ,59.2    ,56      ,54      ,52      ,50      ,48.8    ,46      ]
[79.98   ,0       ,102     ,102     ,102     ,102     ,102     ,102     ,102     ,92.8    ,86      ,80.8    ,76      ,72      ,68      ,64.8    ,62      ,60      ,56.8    ,56      ,52      ]
[90.04   ,0       ,102     ,102     ,102     ,102     ,102     ,102     ,102     ,102     ,98      ,91.2    ,86      ,80.8    ,76.8    ,72.8    ,70      ,67.2    ,64      ,62      ,58      ]
[100     ,102     ,102     ,102     ,102     ,102     ,102     ,102     ,102     ,102     ,102     ,102     ,102     ,102     ,102     ,102     ,102     ,102     ,102     ,102     ,102     ]
];

pd_PEDAL_PERC_MAP2_z            =  [
[0       ,0       ,400     ,500     ,600     ,700     ,800     ,900     ,1000    ,1100    ,1200    ,1300    ,1400    ,1500    ,1600    ,1700    ,1800    ,1900    ,2000    ,2100    ,2300    ]
[0       ,0       ,0       ,0       ,0       ,0       ,0       ,0       ,0       ,0       ,0       ,0       ,0       ,0       ,0       ,0       ,0       ,0       ,0       ,0       ,0       ]
[4.98    ,0       ,6       ,6       ,6       ,4.8     ,4.8     ,4.8     ,4       ,4       ,4       ,3.2     ,3.2     ,3.2     ,2       ,2       ,2       ,0.8     ,0.8     ,0.8     ,0       ]
[9.96    ,0       ,12      ,12      ,11.2    ,11.2    ,10      ,10      ,8.8     ,8.8     ,8       ,7.2     ,7.2     ,6       ,6       ,4.8     ,4.8     ,4       ,4       ,3.2     ,2       ]
[15.04   ,0       ,18      ,18      ,16.8    ,16      ,15.2    ,15.2    ,14      ,12.8    ,12      ,12      ,11.2    ,10      ,8.8     ,8.8     ,8       ,7.2     ,6       ,6       ,4       ]
[20.02   ,0       ,28      ,24      ,23.2    ,20.8    ,20.8    ,20      ,19.2    ,18      ,16.8    ,16      ,16      ,15.2    ,14      ,12.8    ,12      ,11.2    ,11.2    ,10      ,8       ]
