function em = d_em_pmsm_kollmorgen_120kW_230Nm

%==========================================================================
% Description: initialize a 120-kW Permanant Magnet Synchronous Motor from Kollmorgen.
%
% Filename:                         d_em_pmsm_kollmorgen_120kW_230Nm.m
% Author:                           Bertrand Molimard, 91554
% Date:                             2011-02-15
%
% Info: - intended to be used with ExSAM topology.
%       - preliminary data. Original map from Remy.
% 
% Syntax: - em=d_em_pmsm_kollmorgen_120kW_230Nm;
%==========================================================================

em.compInfo='Electric Machine 120 kW Kollmorgen';
em.versionInfo.file_name='%PM%';
em.versionInfo.file_version='%PR%';

% Characteristics *********************************************************
em.rotorInertia         = 0.069;	  % EM inertia [kgm^2]

% Losses ******************************************************************
% Load loss data (losses includes EM and inverter)
em.motorMapSpeed_x=[500:500:10000]';
em.motorMapTorque_y=[-260:20:260];
em.motorMapEfficiency_z=...
   [0.6070    0.6220    0.6970    0.7270    0.7441    0.7606    0.7889    0.8037    0.8166    0.8467    0.8599    0.8699    0.8517         0    0.8559    0.8769    0.8758    0.8558    0.8424    0.8344    0.8151    0.8062    0.7967    0.7915    0.7863    0.7810    0.7758
    0.7862    0.7862    0.8368    0.8532    0.8611    0.8688    0.8796    0.8869    0.8912    0.9066    0.9122    0.9135    0.8697         0    0.8760    0.9081    0.9149    0.9064    0.8972    0.8954    0.8862    0.8819    0.8771    0.8741    0.8711    0.8681    0.8651
    0.8511    0.8511    0.8840    0.8942    0.8992    0.9036    0.9088    0.9125    0.9146    0.9256    0.9288    0.9273    0.8748         0    0.8818    0.9184    0.9282    0.9231    0.9157    0.9167    0.9112    0.9094    0.9067    0.9048    0.9028    0.9009    0.8990
    0.8829    0.8829    0.9068    0.9140    0.9174    0.9205    0.9224    0.9242    0.9253    0.9344    0.9366    0.9335    0.8764         0    0.8842    0.9231    0.9343    0.9321    0.9249    0.9269    0.9239    0.9233    0.9219    0.9205    0.9191    0.9177    0.9163
    0.9014    0.9014    0.9201    0.9254    0.9278    0.9298    0.9297    0.9320    0.9313    0.9392    0.9409    0.9371    0.8768         0    0.8850    0.9254    0.9378    0.9367    0.9303    0.9328    0.9315    0.9313    0.9307    0.9297    0.9286    0.9276    0.9266
    0.9133    0.9133    0.9286    0.9326    0.9345    0.9361    0.9347    0.9347    0.9346    0.9418    0.9434    0.9389    0.8766         0    0.8850    0.9267    0.9397    0.9394    0.9329    0.9363    0.9365    0.9365    0.9363    0.9355    0.9348    0.9341    0.9333
    0.9214    0.9214    0.9343    0.9374    0.9388    0.9399    0.9371    0.9382    0.9368    0.9440    0.9450    0.9400    0.8756         0    0.8845    0.9271    0.9409    0.9411    0.9342    0.9385    0.9392    0.9398    0.9400    0.9394    0.9389    0.9384    0.9378
    0.9263    0.9263    0.9383    0.9408    0.9418    0.9426    0.9393    0.9401    0.9380    0.9449    0.9459    0.9407    0.8746         0    0.8838    0.9273    0.9417    0.9412    0.9348    0.9399    0.9410    0.9421    0.9427    0.9423    0.9419    0.9415    0.9411
    0.9263    0.9263    0.9385    0.9423    0.9442    0.9438    0.9407    0.9412    0.9388    0.9452    0.9464    0.9408    0.8734         0    0.8827    0.9272    0.9417    0.9420    0.9350    0.9408    0.9410    0.9426    0.9436    0.9428    0.9420    0.9412    0.9404
    0.9263    0.9263    0.9298    0.9392    0.9416    0.9426    0.9413    0.9368    0.9385    0.9460    0.9466    0.9407    0.8716         0    0.8815    0.9267    0.9419    0.9411    0.9359    0.9331    0.9411    0.9409    0.9398    0.9304    0.9234    0.9200    0.9200
    0.9200    0.9236    0.9273    0.9309    0.9345    0.9393    0.9410    0.9388    0.9342    0.9439    0.9465    0.9405    0.8700         0    0.8800    0.9261    0.9418    0.9369    0.9309    0.9357    0.9374    0.9365    0.9301    0.9276    0.9251    0.9225    0.9200
         0    0.9200    0.9228    0.9256    0.9284    0.9312    0.9355    0.9356    0.9332    0.9401    0.9440    0.9401    0.8678         0    0.8785    0.9253    0.9414    0.9286    0.9281    0.9293    0.9326    0.9295    0.9263    0.9232    0.9200         0         0
         0    0.9200    0.9201    0.9203    0.9204    0.9205    0.9316    0.9280    0.9264    0.9334    0.9414    0.9396    0.8659         0    0.8768    0.9244    0.9401    0.9161    0.9185    0.9239    0.9230    0.9223    0.9215    0.9208    0.9200         0         0
         0         0         0    0.9200    0.9215    0.9230    0.9245    0.9260    0.9197    0.9226    0.9377    0.9379    0.8634         0    0.8749    0.9234    0.9356    0.9130    0.9200    0.9214    0.9211    0.9207    0.9204    0.9200         0         0         0
         0         0         0    0.9200    0.9205    0.9210    0.9215    0.9220    0.9200    0.9170    0.9335    0.9353    0.8612         0    0.8729    0.9212    0.9304    0.9013    0.9200    0.9200    0.9200    0.9200    0.9200         0         0         0         0
         0         0         0         0    0.9200    0.9200    0.9200    0.9200    0.9200    0.9119    0.9250    0.9311    0.8584         0    0.8720    0.9186    0.9246    0.9200    0.9200    0.9200    0.9200    0.9200         0         0         0         0         0
         0         0         0         0    0.9200    0.9200    0.9200    0.9200    0.9200    0.9047    0.9178    0.9260    0.8566         0    0.8691    0.9149    0.9175    0.9200    0.9200    0.9200    0.9200    0.9200         0         0         0         0         0
         0         0         0         0         0    0.9200    0.9200    0.9200    0.9200    0.9200    0.9121    0.9204    0.8537         0    0.8650    0.9110    0.9142    0.9200    0.9200    0.9200    0.9200    0.9200         0         0         0         0         0
         0         0         0         0         0    0.9200    0.9200    0.9200    0.9200    0.9200    0.9054    0.9168    0.8486         0    0.8609    0.9077    0.9200    0.9200    0.9200    0.9200    0.9200    0.9200         0         0         0         0         0
         0         0         0         0         0         0    0.9200    0.9200    0.9200    0.9200    0.9200    0.9150    0.8427         0    0.8552    0.9036    0.9200    0.9200    0.9200    0.9200    0.9200         0         0         0         0         0         0];
     
% Data calculated from effeciency matrix
