function ems = d_ems_wh_vtc_d13c540eu5()

% PVCS substitution variables
% check "Expand substitution variables" in the dialog when
% you "Get" the file from PVCS to have the fields
% filled with information.
ems.version_info.file_name='%PM%';
ems.version_info.file_version='%PR%';

enginetype = 'd13c540eu5';

comp_info = 'Engine P3143 540 hp';

DATASET1_ID = 'xxx';

DATASET2_ID = 'xxx';

esc_END_GOV_ESPD =  2110;

esc_MOMENTARY_MAX_ESPD =  2300.00;

et_FILTER_CONST_DECAY =  0.50000000;

et_FILTER_CONST_RISE =  0.50000000;

igt_IDLE_TARGET_ESPD_DEFAULT =  600;

mt_RATED_ENGINE_IND_TORQUE =  2840.0000;

mt_RATED_ENGINE_TORQUE =  2652.0000;

pd_POS_FILTER_TIME_CONSTANT =  0.0200;

pd_REFERENCE_IND_TRQ =  3200.0000;

pd_USE_RATED_IND_TRQ_AS_REF =  0;

eb_EPG_MAX_TRQ_MAP_y =  [
719.0	840.0	960.0	1080.0	1320.0	1800.0	1920.0	2040.0	2160.0	2300.0
110.0	160.0	160.0	160.0	160.0	180.0	180.0	180.0	180.0	180.0  ];

eb_EPG_MIN_TRQ_MAP_y =  [
719.0	840.0	960.0	1080.0	1320.0	1800.0	1920.0	2040.0	2160.0	2300.0
110.0	160.0	160.0	160.0	160.0	180.0	180.0	180.0	180.0	180.0  ];

eb_VEB_MAX_TRQ_MAP_y =  [
840.0	1200.0	1320.0	1440.0	1680.0	1800.0	1920.0	2040.0	2160.0	2300.0
700.0	850.0	880.0	890.0	900.0	900.0	890.0	890.0	880.0	870.0 ];

eb_VEB_MIN_TRQ_MAP_y =  [
718.0	840.0	1200.0	1440.0	1560.0	1680.0	1800.0	2040.0	2160.0	2300.0
420.0	450.0	500.0	520.0	530.0	540.0	540.0	540.0	540.0	540.0  ];

fr_TORQUE_MAP_y =  [
500.0 700.0 900.0 1100.0 1300.0 1500.0 1700.0 1900.0 2100.0 2300.0 
105.0 116.0 131.0 147.0 167.0 188.0 213.0 241.0 274.0 324.0 ];

mt_MAX_TORQUE_HIGH_MAP_y =  [
500.0 600.0 800.0 900.0 950.0 1000.0 1060.0 1100.0 1200.0 1300.0 1400.0 1458.0 1500.0 1600.0 1700.0 1800.0 1900.0 2000.0 2100.0 2200.0 
1050.0 1270.0 1680.0 2000.0 2150.0 2350.0 2652.0 2652.0 2652.0 2652.0 2652.0 2652.0 2577.0 2416.0 2274.0 2148.0 2035.0 1671.0 1307.0 1000.0 ];

al_MAX_ACC_MAP_z =  [
0.0 1100.0 1300.0 1500.0 1700.0 1800.0 1900.0 2000.0 2100.0 
158.0 604.0 604.0 604.0 604.0 604.0 604.0 604.0 604.0 
196.0 487.0 487.0 487.0 487.0 487.0 487.0 487.0 487.0 
236.0 406.0 406.0 406.0 406.0 406.0 406.0 406.0 406.0 
301.0 320.0 320.0 320.0 320.0 320.0 320.0 320.0 320.0 
380.0 280.0 280.0 280.0 280.0 280.0 280.0 280.0 280.0 
472.0 230.0 230.0 230.0 230.0 230.0 230.0 230.0 230.0 
581.0 230.0 230.0 230.0 230.0 230.0 230.0 230.0 230.0 
731.0 230.0 230.0 230.0 230.0 230.0 230.0 230.0 230.0 
];

pd_PEDAL_PERC_MAP_z =  [
0.0 0.0 600.0 650.0 700.0 750.0 800.0 900.0 1000.0 1100.0 1200.0 1300.0 1400.0 1500.0 1600.0 1700.0 1800.0 1900.0 2000.0 2100.0 2300.0 
0.00 0.0 0.0 0.0 0.0 0.0 0.0 0.0 0.0 0.0 0.0 0.0 0.0 0.0 0.0 0.0 0.0 0.0 0.0 0.0 0.0 
3.03 0.0 0.0 0.0 0.0 0.0 0.0 0.0 0.0 0.0 0.0 0.0 0.0 0.0 0.0 0.0 0.0 0.0 0.0 0.0 0.0 
4.98 1.6 1.6 1.6 1.6 1.6 1.6 1.2 1.2 1.2 0.8 0.8 0.8 0.8 0.8 0.4 0.4 0.4 0.4 0.4 0.4 
9.96 6.4 6.4 6.4 6.4 6.0 5.6 4.8 4.0 3.6 3.2 3.2 2.8 2.4 2.4 2.0 2.0 2.0 1.6 1.6 1.6 
15.04 14.0 14.0 14.0 14.0 12.8 12.0 10.4 8.8 8.0 7.2 6.4 6.0 5.6 4.8 4.8 4.4 4.0 3.6 3.6 3.2 
20.02 23.6 23.6 23.6 23.6 22.0 20.4 17.6 15.2 13.6 12.4 11.2 10.0 9.2 8.4 8.0 7.2 6.8 6.4 6.0 5.6 
24.90 32.8 32.8 32.8 32.8 31.2 29.6 26.4 23.2 20.8 18.4 16.8 15.2 14.0 12.8 12.0 11.2 10.4 10.0 9.2 8.4 
29.98 41.6 41.6 41.6 41.6 40.0 38.4 35.6 32.4 29.2 26.0 23.6 21.6 20.0 18.4 16.8 15.6 14.8 14.0 13.2 11.6 
34.96 50.4 50.4 50.4 50.4 48.8 47.2 44.0 41.2 38.0 34.8 31.6 28.8 26.4 24.4 22.8 21.2 19.6 18.4 17.2 15.6 
40.04 58.8 58.8 58.8 58.8 57.2 55.6 52.8 49.6 46.4 43.2 40.0 37.2 34.0 31.2 29.2 27.2 25.2 23.6 22.4 20.0 
50.00 75.2 75.2 75.2 75.2 74.0 72.4 69.2 66.0 62.8 59.6 56.8 53.6 50.4 47.2 44.0 41.2 38.4 36.0 34.0 30.4 
59.96 91.2 91.2 91.2 91.2 89.6 88.4 85.2 82.0 78.8 75.6 72.4 69.6 66.4 63.2 60.0 56.8 54.0 50.8 47.6 42.4 
70.02 100.0 100.0 100.0 100.0 100.0 100.0 100.0 97.6 94.4 91.2 88.0 84.8 82.0 78.8 75.6 72.4 69.2 66.4 63.2 56.8 
79.98 100.0 100.0 100.0 100.0 100.0 100.0 100.0 100.0 100.0 100.0 100.0 100.0 98.0 94.8 91.6 88.8 85.6 82.4 79.2 73.2 
90.04 100.0 100.0 100.0 100.0 100.0 100.0 100.0 100.0 100.0 100.0 100.0 100.0 100.0 100.0 100.0 100.0 100.0 100.0 97.2 91.2 
100.00 100.0 100.0 100.0 100.0 100.0 100.0 100.0 100.0 100.0 100.0 100.0 100.0 100.0 100.0 100.0 100.0 100.0 100.0 100.0 100.0 
];

pd_PEDAL_PERC_MAP2_z =  [
0.0 0.0 600.0 650.0 700.0 750.0 800.0 900.0 1000.0 1100.0 1200.0 1300.0 1400.0 1500.0 1600.0 1700.0 1800.0 1900.0 2000.0 2100.0 2300.0 
0.00 0.0 0.0 0.0 0.0 0.0 0.0 0.0 0.0 0.0 0.0 0.0 0.0 0.0 0.0 0.0 0.0 0.0 0.0 0.0 0.0 
3.03 60.0 0.8 0.0 0.0 0.0 0.0 0.0 0.0 0.0 0.0 0.0 0.0 0.0 0.0 0.0 0.0 0.0 0.0 0.0 0.0 
4.98 100.0 2.0 0.8 0.0 0.0 0.0 0.0 0.0 0.0 0.0 0.0 0.0 0.0 0.0 0.0 0.0 0.0 0.0 0.0 0.0 
9.96 100.0 6.0 4.8 3.2 2.0 0.8 0.0 0.0 0.0 0.0 0.0 0.0 0.0 0.0 0.0 0.0 0.0 0.0 0.0 0.0 
15.04 100.0 10.0 8.8 7.2 6.0 4.8 2.0 0.0 0.0 0.0 0.0 0.0 0.0 0.0 0.0 0.0 0.0 0.0 0.0 0.0 
20.02 100.0 16.8 15.2 12.0 10.0 8.8 6.0 4.0 0.8 0.0 0.0 0.0 0.0 0.0 0.0 0.0 0.0 0.0 0.0 0.0 
24.90 100.0 30.0 26.0 22.0 18.0 14.0 11.2 8.0 4.8 3.2 0.0 0.0 0.0 0.0 0.0 0.0 0.0 0.0 0.0 0.0 
29.98 100.0 42.0 39.2 35.2 31.2 27.2 19.2 12.0 10.0 7.2 4.0 2.0 0.0 0.0 0.0 0.0 0.0 0.0 0.0 0.0 
34.96 100.0 55.2 51.2 47.2 43.2 39.2 32.0 24.0 16.0 11.2 8.8 6.0 3.2 0.8 0.0 0.0 0.0 0.0 0.0 0.0 
40.04 100.0 67.2 63.2 59.2 55.2 52.0 44.0 36.0 28.0 20.0 12.8 10.0 7.2 4.8 2.0 0.0 0.0 0.0 0.0 0.0 
50.00 100.0 92.0 88.0 84.0 80.8 76.8 68.8 60.8 52.8 44.8 38.0 30.0 22.0 14.0 11.2 8.0 4.8 3.2 0.0 0.0 
59.96 100.0 100.0 100.0 100.0 100.0 100.0 94.0 86.0 78.0 70.0 63.2 55.2 47.2 39.2 32.0 24.0 16.0 11.2 8.8 3.2 
70.02 100.0 100.0 100.0 100.0 100.0 100.0 100.0 100.0 100.0 95.2 88.0 80.0 72.0 64.0 56.0 48.8 40.8 32.8 24.8 12.0 
79.98 100.0 100.0 100.0 100.0 100.0 100.0 100.0 100.0 100.0 100.0 100.0 100.0 96.8 88.8 80.8 74.0 66.0 58.0 50.0 35.2 
90.04 100.0 100.0 100.0 100.0 100.0 100.0 100.0 100.0 100.0 100.0 100.0 100.0 100.0 100.0 100.0 98.0 91.2 83.2 75.2 59.2 
100.00 100.0 100.0 100.0 100.0 100.0 100.0 100.0 100.0 100.0 100.0 100.0 100.0 100.0 100.0 100.0 100.0 100.0 100.0 100.0 84.0 
];

sl_IND_TRQ_LIM_MAP_z =  [
[       0      600      700      800      900     1000     1100     1200     1300     1400     1500     1600     1700     1800     1900     2000     2100 ]
[     100   1209.3   1259.2   1297.6     1100   1270.8   1267.7   1142.5   1245.9   1207.5     1100   1193.1   1199.8     1100     1100     1100     1100 ]
[     109   1292.6   1376.1   1408.8     1100   1396.2   1370.7   1296.4   1351.1     1314   1134.3   1288.2   1299.8   1131.5   1108.1     1100     1100 ]
[     118   1375.9   1493.1   1520.1   1489.1   1521.6   1473.6   1450.4   1456.3   1420.4   1288.3   1383.3   1399.8   1256.8   1211.8     1100     1100 ]
[     128   1468.5   1588.1   1637.8   1631.8     1661     1588   1621.4   1573.1   1538.7   1459.5   1488.9   1510.9     1396   1327.1     1100     1100 ]
[     139   1570.3   1586.9     1765   1768.8   1807.7   1762.2   1760.8   1701.7   1668.7   1647.8   1605.2   1633.2   1549.2   1453.9   1305.1     1100 ]
[     150   1636     1636   1800.6   1914.7   1962.3     1927     1903   1829.7   1804.2   1782.7   1721.4   1755.4   1702.3   1580.6   1566.3     1502 ]
[     163   1664     1664.3   1799.8   2092.8   2131.8     2091   2076.5   2001.8   1966.1   1945.6   1856.8   1898.1   1839.3   1692.9   1705.6   1574.4 ]
[     177   1709     1709.5   1820.1   2125.8   2303.5   2261.6   2255.8   2176.6   2129.6   2110.9   2002.1     2048   1981.6   1824.5   1846.7   1622.3 ]
[     192   1750     1750.3     1831   2126.6   2466.6   2450.5   2436.9   2345.1   2290.8   2272.9   2160.2   2201.1   2127.7   1964.8     1926   1624.7 ]
[     208   1797     1797.8   1848.2   2145.2   2481.5   2650.1   2623.5   2520.2   2465.8   2440.2   2317.6   2355.3   2272.2   2126.2   1935.9   1624.2 ]
