function em = d_em_pmsm_remy_173kW_411Nm

%==========================================================================
% Description: initialize a 173-kW Permanant Magnet Synchronous Motor from Remy.
%
% Filename:                         d_em_pmsm_remy_173kW_411Nm.m
% Author:                           Bertrand Molimard, 91554
% Date:                             2011-02-15
%
% Info: - intended to be used with ExSAM topology.
%       - correspond to Remy HVH 250 High Torque.
% 
% Syntax: - em=d_em_pmsm_remy_173kW_411Nm;
%==========================================================================

em.compInfo='Electric Machine 173 kW Remy';
em.versionInfo.file_name='%PM%';
em.versionInfo.file_version='%PR%';

% Characteristics *********************************************************
em.rotorInertia         = 0.069;	  % EM inertia [kgm^2]

% Losses ******************************************************************
% Load loss data (losses includes EM and inverter)
em.motorMapSpeed_x=[500:500:10000];
em.motorMapTorque_y=[-420:20:420];
em.motorMapEfficiency_z= ...
[0.692 0.692 0.710 0.722 0.733 0.744 0.755 0.765 0.776 0.786 0.797 0.806 0.815 0.826 0.834 0.842 0.856 0.868 0.876 0.877 0.856 0.000 0.852 0.874 0.870 0.860 0.847 0.830 0.817 0.804 0.789 0.775 0.761 0.744 0.727 0.710 0.692 0.673 0.654 0.633 0.611 0.588 0.588;
 0.812 0.812 0.824 0.832 0.839 0.846 0.853 0.859 0.865 0.871 0.877 0.882 0.886 0.892 0.895 0.897 0.906 0.913 0.915 0.908 0.876 0.000 0.870 0.907 0.913 0.912 0.907 0.897 0.891 0.887 0.880 0.874 0.869 0.861 0.853 0.845 0.837 0.828 0.818 0.808 0.797 0.786 0.786;
 0.861 0.861 0.870 0.875 0.881 0.886 0.890 0.895 0.899 0.903 0.907 0.909 0.911 0.915 0.917 0.916 0.923 0.929 0.928 0.918 0.882 0.000 0.875 0.917 0.927 0.929 0.926 0.917 0.915 0.912 0.909 0.906 0.904 0.899 0.894 0.889 0.884 0.878 0.872 0.866 0.859 0.851 0.851;
 0.887 0.887 0.894 0.898 0.903 0.906 0.910 0.913 0.916 0.919 0.922 0.923 0.924 0.927 0.927 0.925 0.932 0.936 0.934 0.923 0.884 0.000 0.876 0.921 0.934 0.937 0.934 0.927 0.925 0.924 0.922 0.921 0.920 0.917 0.914 0.911 0.907 0.903 0.898 0.894 0.888 0.883 0.883;
 0.904 0.904 0.909 0.912 0.916 0.919 0.922 0.924 0.927 0.929 0.931 0.931 0.931 0.934 0.933 0.930 0.937 0.940 0.938 0.925 0.885 0.000 0.877 0.923 0.937 0.941 0.939 0.932 0.931 0.932 0.930 0.930 0.930 0.928 0.925 0.923 0.920 0.917 0.913 0.910 0.906 0.901 0.901;
 0.914 0.914 0.919 0.922 0.925 0.927 0.929 0.932 0.933 0.935 0.936 0.937 0.937 0.938 0.936 0.933 0.939 0.943 0.940 0.927 0.885 0.000 0.877 0.924 0.939 0.943 0.942 0.935 0.935 0.935 0.935 0.935 0.936 0.935 0.933 0.931 0.929 0.926 0.923 0.920 0.917 0.913 0.913;
 0.922 0.922 0.926 0.928 0.931 0.933 0.935 0.937 0.938 0.939 0.940 0.940 0.939 0.941 0.939 0.934 0.941 0.944 0.941 0.927 0.884 0.000 0.876 0.925 0.940 0.945 0.944 0.937 0.937 0.938 0.937 0.938 0.940 0.939 0.937 0.936 0.934 0.932 0.930 0.927 0.924 0.921 0.921;
 0.922 0.922 0.926 0.929 0.933 0.936 0.938 0.940 0.941 0.942 0.943 0.942 0.941 0.942 0.940 0.935 0.941 0.945 0.942 0.927 0.884 0.000 0.875 0.925 0.941 0.946 0.945 0.938 0.938 0.940 0.939 0.941 0.943 0.942 0.941 0.940 0.938 0.936 0.934 0.933 0.930 0.926 0.926;
 0.922 0.922 0.926 0.929 0.933 0.925 0.931 0.936 0.940 0.942 0.944 0.943 0.941 0.940 0.941 0.935 0.942 0.946 0.942 0.927 0.883 0.000 0.873 0.925 0.941 0.946 0.945 0.938 0.939 0.941 0.941 0.942 0.944 0.944 0.942 0.940 0.939 0.935 0.931 0.925 0.930 0.926 0.926;
 0.922 0.922 0.926 0.929 0.933 0.925 0.931 0.923 0.930 0.935 0.940 0.941 0.941 0.940 0.933 0.936 0.941 0.946 0.942 0.927 0.881 0.000 0.872 0.924 0.941 0.947 0.946 0.938 0.939 0.937 0.941 0.942 0.943 0.942 0.939 0.934 0.930 0.923 0.931 0.925 0.930 0.926 0.926;
 0.922 0.922 0.926 0.929 0.933 0.925 0.931 0.923 0.930 0.924 0.930 0.937 0.937 0.939 0.936 0.931 0.937 0.944 0.942 0.926 0.880 0.000 0.870 0.923 0.941 0.947 0.944 0.936 0.934 0.939 0.941 0.940 0.939 0.935 0.930 0.923 0.930 0.923 0.931 0.925 0.930 0.926 0.926;
 0.000 0.000 0.000 0.929 0.933 0.925 0.931 0.923 0.930 0.924 0.909 0.926 0.933 0.932 0.929 0.928 0.929 0.941 0.941 0.925 0.878 0.000 0.868 0.923 0.940 0.944 0.940 0.929 0.933 0.936 0.936 0.937 0.931 0.925 0.930 0.923 0.930 0.923 0.931 0.925 0.930 0.926 0.926;
 0.000 0.000 0.000 0.000 0.000 0.925 0.931 0.923 0.930 0.924 0.909 0.926 0.923 0.927 0.924 0.918 0.916 0.938 0.940 0.924 0.877 0.000 0.866 0.922 0.940 0.941 0.933 0.923 0.926 0.928 0.932 0.928 0.920 0.925 0.930 0.923 0.930 0.923 0.931 0.925 0.000 0.000 0.000;
 0.000 0.000 0.000 0.000 0.000 0.000 0.000 0.923 0.930 0.924 0.909 0.926 0.923 0.920 0.921 0.914 0.913 0.926 0.936 0.923 0.875 0.000 0.863 0.920 0.938 0.938 0.923 0.920 0.920 0.926 0.925 0.917 0.920 0.925 0.930 0.923 0.930 0.923 0.000 0.000 0.000 0.000 0.000;
 0.000 0.000 0.000 0.000 0.000 0.000 0.000 0.000 0.000 0.924 0.909 0.926 0.923 0.920 0.915 0.913 0.901 0.915 0.930 0.921 0.873 0.000 0.861 0.919 0.935 0.934 0.917 0.911 0.918 0.922 0.917 0.917 0.920 0.925 0.930 0.923 0.000 0.000 0.000 0.000 0.000 0.000 0.000;
 0.000 0.000 0.000 0.000 0.000 0.000 0.000 0.000 0.000 0.000 0.909 0.926 0.923 0.920 0.909 0.912 0.898 0.908 0.925 0.919 0.872 0.000 0.858 0.917 0.931 0.925 0.912 0.905 0.917 0.915 0.917 0.917 0.920 0.925 0.000 0.000 0.000 0.000 0.000 0.000 0.000 0.000 0.000;
 0.000 0.000 0.000 0.000 0.000 0.000 0.000 0.000 0.000 0.000 0.000 0.000 0.923 0.920 0.909 0.905 0.899 0.897 0.917 0.915 0.869 0.000 0.857 0.914 0.926 0.918 0.905 0.906 0.913 0.899 0.917 0.917 0.920 0.000 0.000 0.000 0.000 0.000 0.000 0.000 0.000 0.000 0.000;
 0.000 0.000 0.000 0.000 0.000 0.000 0.000 0.000 0.000 0.000 0.000 0.000 0.000 0.920 0.909 0.898 0.899 0.887 0.914 0.911 0.865 0.000 0.854 0.911 0.920 0.912 0.896 0.906 0.905 0.899 0.917 0.917 0.000 0.000 0.000 0.000 0.000 0.000 0.000 0.000 0.000 0.000 0.000;
 0.000 0.000 0.000 0.000 0.000 0.000 0.000 0.000 0.000 0.000 0.000 0.000 0.000 0.000 0.909 0.898 0.895 0.876 0.906 0.908 0.861 0.000 0.849 0.906 0.917 0.905 0.888 0.904 0.905 0.899 0.917 0.000 0.000 0.000 0.000 0.000 0.000 0.000 0.000 0.000 0.000 0.000 0.000;
 0.000 0.000 0.000 0.000 0.000 0.000 0.000 0.000 0.000 0.000 0.000 0.000 0.000 0.000 0.909 0.898 0.887 0.878 0.898 0.904 0.855 0.000 0.843 0.903 0.915 0.901 0.886 0.898 0.905 0.899 0.000 0.000 0.000 0.000 0.000 0.000 0.000 0.000 0.000 0.000 0.000 0.000 0.000;
];

