function em = d_em_pmsm_remy_180kW_420Nm

%==========================================================================
% Description: initialize a 180-kW Permanant Magnet Synchronous Motor from Remy.
%
% Filename:                         d_em_pmsm_remy_180kW_420Nm.m
% Author:                           Bertrand Molimard, 91554
% Date:                             2011-12-16
%
% Info: - intended to be used with ExSAM topology.
%       - correspond to Remy HVH 250 115 mm Series.
% 
% Syntax: - em=d_em_pmsm_remy_180kW_420Nm;
%==========================================================================

em.compInfo='Electric Machine 180 kW Remy';
em.versionInfo.file_name='%PM%';
em.versionInfo.file_version='%PR%';

% Characteristics *********************************************************
em.rotorInertia         = 0.054;	  % EM inertia [kgm^2]

% Losses ******************************************************************
% Load loss data (losses includes EM and inverter)
em.motorMapSpeed_x=200:200:12000;
em.motorMapTorque_y=-420:10:420;
em.motorMapEfficiency_z = ...
[ 0.086 0.100 0.130 0.158 0.184 0.210 0.234 0.257 0.280 0.301 0.322 0.343 0.363 0.384 0.404 0.424 0.444 0.463 0.482 0.501 0.519 0.536 0.554 0.572 0.589 0.607 0.625 0.642 0.659 0.677 0.694 0.711 0.728 0.745 0.763 0.780 0.796 0.814 0.831 0.848 0.863 0.851 0.000 0.854 0.866 0.856 0.846 0.834 0.822 0.812 0.800 0.790 0.780 0.769 0.759 0.750 0.740 0.730 0.721 0.712 0.703 0.695 0.686 0.678 0.670 0.662 0.654 0.646 0.637 0.629 0.622 0.614 0.606 0.599 0.592 0.584 0.577 0.569 0.562 0.554 0.546 0.538 0.530 0.522 0.522;
 0.540 0.548 0.562 0.576 0.589 0.602 0.614 0.626 0.637 0.648 0.659 0.669 0.679 0.689 0.699 0.709 0.719 0.728 0.738 0.747 0.756 0.765 0.774 0.782 0.791 0.800 0.808 0.817 0.825 0.834 0.842 0.851 0.859 0.867 0.875 0.884 0.891 0.899 0.907 0.913 0.918 0.901 0.000 0.904 0.918 0.915 0.910 0.904 0.898 0.892 0.885 0.879 0.873 0.866 0.860 0.854 0.848 0.841 0.836 0.829 0.823 0.818 0.812 0.806 0.800 0.795 0.789 0.783 0.777 0.771 0.765 0.759 0.753 0.748 0.742 0.736 0.730 0.724 0.718 0.712 0.705 0.699 0.692 0.685 0.685;
 0.692 0.696 0.706 0.715 0.724 0.733 0.741 0.748 0.756 0.763 0.770 0.777 0.784 0.790 0.797 0.803 0.810 0.816 0.822 0.829 0.835 0.840 0.846 0.852 0.857 0.863 0.869 0.874 0.880 0.885 0.891 0.896 0.902 0.907 0.912 0.917 0.922 0.926 0.931 0.934 0.934 0.914 0.000 0.916 0.934 0.934 0.932 0.928 0.924 0.921 0.916 0.912 0.908 0.903 0.899 0.894 0.890 0.885 0.881 0.877 0.872 0.868 0.864 0.859 0.855 0.851 0.846 0.842 0.837 0.833 0.828 0.823 0.819 0.815 0.810 0.805 0.801 0.796 0.791 0.786 0.780 0.775 0.769 0.763 0.763;
 0.767 0.770 0.777 0.784 0.791 0.797 0.803 0.809 0.815 0.820 0.825 0.830 0.835 0.840 0.845 0.850 0.855 0.860 0.864 0.869 0.873 0.878 0.882 0.886 0.890 0.894 0.898 0.902 0.907 0.911 0.914 0.918 0.922 0.926 0.929 0.933 0.936 0.939 0.941 0.942 0.940 0.917 0.000 0.919 0.940 0.942 0.942 0.940 0.937 0.935 0.931 0.928 0.925 0.922 0.919 0.915 0.912 0.908 0.905 0.902 0.898 0.895 0.892 0.888 0.885 0.881 0.878 0.874 0.870 0.867 0.863 0.859 0.856 0.852 0.848 0.844 0.841 0.837 0.832 0.828 0.824 0.819 0.814 0.810 0.810;
 0.811 0.814 0.820 0.825 0.831 0.836 0.841 0.845 0.850 0.854 0.858 0.862 0.866 0.870 0.874 0.878 0.882 0.885 0.889 0.893 0.896 0.899 0.903 0.906 0.909 0.912 0.916 0.919 0.922 0.925 0.928 0.931 0.934 0.936 0.939 0.942 0.944 0.945 0.947 0.946 0.943 0.916 0.000 0.919 0.943 0.946 0.947 0.946 0.944 0.942 0.940 0.938 0.936 0.933 0.930 0.928 0.925 0.922 0.920 0.917 0.914 0.912 0.909 0.906 0.903 0.900 0.897 0.894 0.891 0.888 0.885 0.882 0.879 0.876 0.873 0.870 0.866 0.863 0.859 0.856 0.852 0.848 0.844 0.840 0.840;
 0.841 0.843 0.848 0.853 0.857 0.861 0.865 0.869 0.873 0.876 0.880 0.883 0.886 0.889 0.893 0.896 0.899 0.902 0.905 0.908 0.911 0.914 0.916 0.919 0.922 0.924 0.927 0.929 0.932 0.934 0.937 0.939 0.941 0.943 0.945 0.947 0.948 0.949 0.950 0.948 0.943 0.914 0.000 0.917 0.943 0.948 0.950 0.949 0.948 0.947 0.946 0.944 0.942 0.940 0.938 0.936 0.934 0.932 0.930 0.927 0.925 0.923 0.921 0.918 0.916 0.913 0.911 0.908 0.906 0.903 0.900 0.898 0.895 0.893 0.890 0.887 0.884 0.881 0.878 0.875 0.872 0.868 0.865 0.861 0.861;
 0.861 0.863 0.868 0.872 0.875 0.879 0.882 0.886 0.889 0.892 0.895 0.898 0.900 0.903 0.906 0.908 0.911 0.914 0.916 0.919 0.921 0.924 0.926 0.928 0.930 0.932 0.934 0.936 0.938 0.941 0.942 0.944 0.946 0.947 0.949 0.950 0.951 0.951 0.951 0.949 0.943 0.910 0.000 0.914 0.943 0.949 0.951 0.951 0.951 0.950 0.949 0.948 0.947 0.945 0.943 0.942 0.940 0.938 0.936 0.934 0.933 0.931 0.929 0.927 0.925 0.922 0.920 0.918 0.916 0.914 0.911 0.909 0.907 0.904 0.902 0.900 0.897 0.894 0.892 0.889 0.886 0.883 0.880 0.876 0.876;
 0.877 0.879 0.882 0.886 0.889 0.892 0.895 0.898 0.901 0.903 0.906 0.908 0.911 0.913 0.915 0.918 0.920 0.922 0.924 0.927 0.929 0.931 0.933 0.934 0.936 0.938 0.940 0.941 0.943 0.945 0.946 0.948 0.949 0.950 0.951 0.952 0.952 0.952 0.951 0.948 0.941 0.906 0.000 0.911 0.942 0.948 0.951 0.952 0.953 0.952 0.951 0.951 0.950 0.948 0.947 0.946 0.944 0.943 0.941 0.940 0.938 0.936 0.935 0.933 0.931 0.929 0.927 0.925 0.923 0.921 0.920 0.917 0.915 0.913 0.911 0.909 0.907 0.904 0.902 0.900 0.897 0.894 0.891 0.888 0.888;
 0.888 0.890 0.893 0.896 0.899 0.902 0.905 0.907 0.910 0.912 0.914 0.916 0.918 0.921 0.923 0.925 0.927 0.929 0.931 0.932 0.934 0.936 0.938 0.939 0.941 0.942 0.944 0.945 0.947 0.948 0.949 0.950 0.951 0.952 0.953 0.953 0.953 0.953 0.951 0.948 0.940 0.902 0.000 0.908 0.940 0.948 0.951 0.953 0.953 0.953 0.953 0.952 0.952 0.951 0.950 0.949 0.947 0.946 0.945 0.943 0.942 0.941 0.939 0.938 0.936 0.934 0.933 0.931 0.929 0.928 0.926 0.924 0.922 0.920 0.918 0.916 0.914 0.912 0.910 0.908 0.905 0.903 0.900 0.898 0.898;
 0.898 0.899 0.902 0.905 0.907 0.910 0.912 0.914 0.917 0.919 0.921 0.923 0.925 0.926 0.928 0.930 0.932 0.934 0.935 0.937 0.939 0.940 0.942 0.943 0.944 0.945 0.947 0.948 0.949 0.950 0.951 0.952 0.953 0.953 0.954 0.954 0.954 0.953 0.951 0.947 0.938 0.898 0.000 0.904 0.939 0.947 0.951 0.953 0.954 0.954 0.954 0.954 0.953 0.952 0.952 0.951 0.950 0.948 0.947 0.946 0.945 0.944 0.943 0.941 0.940 0.938 0.937 0.935 0.934 0.932 0.931 0.929 0.927 0.926 0.924 0.922 0.920 0.918 0.917 0.914 0.912 0.910 0.908 0.905 0.905;
 0.905 0.906 0.909 0.911 0.914 0.916 0.918 0.920 0.922 0.924 0.926 0.928 0.929 0.931 0.933 0.934 0.936 0.937 0.939 0.941 0.942 0.943 0.945 0.946 0.947 0.948 0.949 0.950 0.951 0.952 0.953 0.953 0.954 0.954 0.954 0.954 0.954 0.953 0.950 0.946 0.936 0.893 0.000 0.900 0.937 0.946 0.950 0.953 0.954 0.954 0.954 0.954 0.954 0.954 0.953 0.952 0.951 0.950 0.950 0.949 0.948 0.947 0.945 0.944 0.943 0.942 0.940 0.939 0.937 0.936 0.935 0.933 0.932 0.930 0.929 0.927 0.925 0.923 0.922 0.920 0.918 0.916 0.913 0.911 0.911;
 0.911 0.912 0.915 0.917 0.919 0.921 0.923 0.925 0.927 0.929 0.930 0.932 0.933 0.935 0.936 0.938 0.939 0.941 0.942 0.943 0.945 0.946 0.947 0.948 0.949 0.950 0.951 0.952 0.952 0.953 0.954 0.954 0.955 0.955 0.955 0.954 0.954 0.952 0.950 0.944 0.934 0.889 0.000 0.896 0.935 0.945 0.950 0.952 0.954 0.954 0.955 0.955 0.955 0.954 0.954 0.953 0.953 0.952 0.951 0.950 0.949 0.949 0.948 0.946 0.945 0.944 0.943 0.942 0.940 0.939 0.938 0.937 0.935 0.934 0.932 0.931 0.929 0.928 0.926 0.924 0.922 0.920 0.918 0.916 0.916;
 0.916 0.917 0.919 0.921 0.923 0.925 0.927 0.929 0.931 0.932 0.934 0.935 0.937 0.938 0.939 0.940 0.942 0.943 0.944 0.946 0.947 0.948 0.949 0.950 0.950 0.951 0.952 0.953 0.953 0.954 0.955 0.955 0.955 0.955 0.955 0.954 0.953 0.951 0.949 0.943 0.932 0.884 0.000 0.892 0.933 0.943 0.949 0.951 0.953 0.954 0.955 0.955 0.955 0.955 0.955 0.954 0.953 0.953 0.952 0.952 0.951 0.950 0.949 0.948 0.947 0.946 0.945 0.944 0.943 0.942 0.940 0.939 0.938 0.937 0.935 0.934 0.932 0.931 0.929 0.928 0.926 0.924 0.922 0.920 0.920;
