function em = d_em_pmsm_remy_HVH250_90

%==========================================================================
% Description: initialize HVH250 90mm SOM from Remy.
%
% Filename:                         d_em_pmsm_remy_HVH250_90.m
% Author:                           David Albo, BF68340
% Date:                             2013-12-11
%
% Info: - intended to be used with ExSAM topology.
%       - correspond to Remy HVH 250 90mm SOM.
% 
% Syntax: - em=d_em_pmsm_remy_HVH250_90;
%==========================================================================

em.compInfo='Electric Machine HVH250_90 Remy';
em.versionInfo.file_name='d_em_pmsm_remy_HVH250_90.m';
em.versionInfo.file_version='2.0';

% Characteristics *********************************************************
em.rotorInertia         = 0.054;	  % EM inertia [kgm^2]

% Losses ******************************************************************
em.motorMapSpeed_x=[500:500:12000]';
em.motorMapTorque_y=[-340:20:340];
em.motorMapEfficiency_z=...
[0.72	0.64	0.67	0.69	0.72	0.74	0.76	0.78	0.80	0.81	0.83	0.85	0.87	0.88	0.90	0.92	0.93	0.87	0.93	0.92	0.91	0.89	0.88	0.87	0.85	0.84	0.83	0.81	0.80	0.79	0.78	0.76	0.75	0.73	0.73
0.82	0.82	0.83	0.84	0.85	0.86	0.87	0.88	0.89	0.90	0.91	0.92	0.93	0.93	0.94	0.95	0.95	0.87	0.95	0.95	0.94	0.94	0.93	0.92	0.91	0.91	0.90	0.89	0.89	0.88	0.87	0.86	0.85	0.84	0.84
0.87	0.87	0.88	0.89	0.90	0.90	0.91	0.92	0.92	0.93	0.93	0.94	0.94	0.95	0.95	0.95	0.95	0.85	0.95	0.95	0.95	0.95	0.94	0.94	0.94	0.93	0.93	0.92	0.92	0.91	0.90	0.90	0.89	0.88	0.88
0.89	0.90	0.91	0.91	0.92	0.92	0.93	0.93	0.94	0.94	0.94	0.95	0.95	0.95	0.95	0.95	0.94	0.83	0.94	0.95	0.95	0.95	0.95	0.95	0.95	0.94	0.94	0.93	0.93	0.93	0.92	0.92	0.91	0.91	0.90
0.91	0.92	0.92	0.93	0.93	0.93	0.94	0.94	0.94	0.95	0.95	0.95	0.95	0.95	0.95	0.95	0.94	0.81	0.94	0.95	0.95	0.95	0.95	0.95	0.95	0.95	0.95	0.94	0.94	0.94	0.93	0.93	0.92	0.92	0.92
0.92	0.93	0.93	0.93	0.94	0.94	0.94	0.95	0.95	0.95	0.95	0.95	0.95	0.95	0.95	0.95	0.93	0.79	0.93	0.95	0.95	0.95	0.95	0.95	0.95	0.95	0.95	0.95	0.94	0.94	0.94	0.93	0.93	0.93	0.93
0.93	0.93	0.94	0.94	0.94	0.94	0.95	0.95	0.95	0.95	0.95	0.95	0.96	0.95	0.95	0.95	0.93	0.77	0.93	0.95	0.95	0.95	0.96	0.95	0.95	0.95	0.95	0.95	0.95	0.94	0.94	0.94	0.94	0.93	0.93
0.93	0.94	0.94	0.94	0.94	0.95	0.95	0.95	0.95	0.95	0.95	0.95	0.95	0.95	0.95	0.94	0.92	0.75	0.92	0.94	0.95	0.95	0.95	0.95	0.95	0.95	0.95	0.95	0.95	0.95	0.94	0.94	0.94	0.94	0.94
0.93	0.94	0.94	0.94	0.95	0.95	0.95	0.95	0.95	0.95	0.95	0.95	0.95	0.95	0.95	0.94	0.92	0.74	0.92	0.94	0.95	0.95	0.95	0.95	0.95	0.95	0.95	0.95	0.95	0.95	0.95	0.94	0.94	0.93	0.94
0.93	0.93	0.94	0.94	0.95	0.95	0.95	0.95	0.95	0.95	0.95	0.95	0.95	0.95	0.95	0.94	0.91	0.72	0.91	0.94	0.95	0.95	0.95	0.95	0.95	0.95	0.95	0.95	0.95	0.95	0.94	0.93	0.92	0.92	0.92
0.92	0.91	0.92	0.93	0.94	0.94	0.95	0.95	0.95	0.95	0.95	0.95	0.95	0.95	0.94	0.93	0.91	0.70	0.91	0.94	0.94	0.95	0.95	0.95	0.95	0.95	0.95	0.95	0.94	0.93	0.92	0.90	0.90	0.89	0.90
0.89	0.88	0.89	0.90	0.92	0.93	0.94	0.95	0.95	0.95	0.95	0.95	0.95	0.95	0.94	0.93	0.90	0.69	0.91	0.93	0.94	0.95	0.95	0.95	0.95	0.95	0.95	0.94	0.92	0.90	0.88	0.87	0.86	0.85	0.86
0.84	0.84	0.85	0.86	0.88	0.90	0.93	0.94	0.94	0.95	0.95	0.95	0.95	0.95	0.94	0.93	0.90	0.67	0.90	0.93	0.94	0.95	0.95	0.95	0.95	0.94	0.94	0.92	0.89	0.86	0.84	0.83	0.81	0.80	0.80
0.77	0.78	0.79	0.81	0.83	0.86	0.89	0.93	0.94	0.94	0.95	0.95	0.95	0.95	0.94	0.93	0.89	0.66	0.90	0.93	0.94	0.95	0.95	0.95	0.94	0.93	0.91	0.87	0.85	0.82	0.80	0.77	0.76	0.74	0.73
0.69	0.71	0.73	0.76	0.78	0.81	0.85	0.89	0.93	0.94	0.94	0.94	0.95	0.94	0.94	0.93	0.89	0.64	0.89	0.93	0.94	0.94	0.94	0.94	0.93	0.91	0.87	0.84	0.81	0.78	0.75	0.72	0.70	0.67	0.65
0.60	0.63	0.66	0.70	0.73	0.77	0.81	0.85	0.89	0.93	0.94	0.94	0.94	0.94	0.94	0.93	0.88	0.63	0.89	0.93	0.94	0.94	0.94	0.93	0.92	0.88	0.84	0.80	0.77	0.73	0.70	0.66	0.63	0.60	0.57
0.51	0.55	0.60	0.64	0.68	0.72	0.77	0.81	0.86	0.91	0.93	0.93	0.94	0.94	0.94	0.93	0.88	0.62	0.89	0.93	0.93	0.93	0.93	0.92	0.89	0.85	0.81	0.77	0.72	0.68	0.65	0.61	0.57	0.53	0.49
0.42	0.48	0.53	0.58	0.63	0.68	0.73	0.78	0.83	0.87	0.92	0.93	0.93	0.93	0.93	0.92	0.88	0.60	0.89	0.92	0.93	0.93	0.93	0.91	0.87	0.82	0.78	0.73	0.68	0.64	0.59	0.55	0.51	0.46	0.42
0.34	0.40	0.46	0.52	0.57	0.63	0.68	0.74	0.79	0.84	0.89	0.92	0.93	0.93	0.93	0.92	0.88	0.59	0.89	0.92	0.93	0.92	0.92	0.89	0.84	0.79	0.74	0.69	0.64	0.59	0.54	0.49	0.44	0.39	0.34
0.26	0.33	0.39	0.46	0.52	0.58	0.64	0.70	0.76	0.81	0.87	0.91	0.92	0.93	0.92	0.92	0.87	0.59	0.88	0.91	0.92	0.92	0.91	0.86	0.81	0.76	0.70	0.65	0.60	0.54	0.49	0.44	0.38	0.33	0.27
0.19	0.26	0.33	0.40	0.47	0.54	0.60	0.67	0.73	0.79	0.85	0.90	0.92	0.92	0.92	0.91	0.87	0.58	0.88	0.91	0.92	0.91	0.88	0.83	0.78	0.72	0.67	0.61	0.55	0.50	0.44	0.38	0.32	0.26	0.20
0.12	0.20	0.27	0.35	0.42	0.50	0.57	0.64	0.70	0.76	0.82	0.88	0.91	0.92	0.92	0.91	0.87	0.57	0.87	0.91	0.91	0.90	0.86	0.80	0.75	0.69	0.63	0.57	0.51	0.45	0.39	0.32	0.26	0.20	0.13
0.05	0.13	0.22	0.30	0.38	0.46	0.54	0.61	0.68	0.74	0.80	0.86	0.90	0.91	0.91	0.90	0.86	0.55	0.87	0.90	0.91	0.89	0.84	0.78	0.72	0.66	0.60	0.53	0.47	0.40	0.34	0.27	0.20	0.13	0.07
0.00	0.07	0.16	0.25	0.34	0.43	0.51	0.59	0.66	0.73	0.79	0.85	0.89	0.91	0.91	0.90	0.85	0.51	0.86	0.90	0.90	0.88	0.83	0.77	0.70	0.63	0.56	0.49	0.43	0.36	0.29	0.22	0.14	0.07	0.00
];

