function em = d_em_pmsm_remy_175kW_350Nm

%==========================================================================
% Description: initialize a 175-kW Permanant Magnet Synchronous Motor from Remy.
%
% Filename:                         d_em_pmsm_remy_175kW_350Nm.m
% Author:                           Bertrand Molimard, 91554
% Date:                             2011-12-16
%
% Info: - intended to be used with ExSAM topology.
%       - correspond to Remy HVH 210 115 mm Series.
% 
% Syntax: - em=d_em_pmsm_remy_175kW_350Nm;
%==========================================================================

em.compInfo='Electric Machine 175 kW Remy';
em.versionInfo.file_name='%PM%';
em.versionInfo.file_version='%PR%';

% Characteristics *********************************************************
em.rotorInertia         = 0.054;	  % EM inertia [kgm^2]

% Losses ******************************************************************
% Load loss data (losses includes EM and inverter)
em.motorMapSpeed_x=200:200:13000;
em.motorMapTorque_y=-350:10:350;
em.motorMapEfficiency_z = ...
[0.130 0.140 0.150 0.160 0.170 0.180 0.190 0.200 0.210 0.220 0.230 0.240 0.260 0.284 0.314 0.343 0.372 0.400 0.428 0.457 0.484 0.512 0.539 0.566 0.593 0.620 0.648 0.675 0.702 0.731 0.758 0.788 0.819 0.852 0.871 0.000 0.872 0.859 0.837 0.816 0.797 0.781 0.763 0.748 0.733 0.719 0.706 0.692 0.679 0.667 0.655 0.643 0.632 0.621 0.610 0.599 0.589 0.579 0.569 0.559 0.549 0.539 0.529 0.519 0.509 0.499 0.490 0.480 0.471 0.461 0.461;
 0.423 0.423 0.444 0.465 0.485 0.504 0.523 0.541 0.559 0.576 0.593 0.609 0.624 0.640 0.654 0.669 0.683 0.697 0.711 0.725 0.739 0.753 0.766 0.779 0.793 0.806 0.820 0.833 0.846 0.860 0.873 0.887 0.901 0.915 0.917 0.000 0.918 0.917 0.906 0.894 0.883 0.874 0.863 0.853 0.844 0.834 0.825 0.816 0.807 0.799 0.790 0.781 0.773 0.764 0.756 0.748 0.740 0.732 0.724 0.716 0.707 0.699 0.690 0.682 0.673 0.665 0.656 0.648 0.639 0.630 0.630;
 0.613 0.613 0.627 0.641 0.654 0.667 0.680 0.692 0.704 0.715 0.726 0.737 0.747 0.757 0.767 0.777 0.786 0.796 0.805 0.814 0.823 0.833 0.841 0.850 0.859 0.868 0.877 0.885 0.894 0.902 0.911 0.919 0.928 0.935 0.929 0.000 0.930 0.935 0.929 0.922 0.915 0.908 0.901 0.894 0.887 0.880 0.874 0.867 0.860 0.854 0.847 0.841 0.834 0.828 0.821 0.815 0.808 0.802 0.795 0.789 0.782 0.775 0.768 0.761 0.754 0.747 0.740 0.733 0.725 0.717 0.717;
 0.708 0.708 0.718 0.729 0.739 0.748 0.757 0.767 0.776 0.784 0.792 0.801 0.808 0.816 0.823 0.830 0.837 0.844 0.851 0.858 0.865 0.872 0.878 0.885 0.892 0.898 0.904 0.910 0.917 0.923 0.928 0.934 0.940 0.943 0.932 0.000 0.933 0.943 0.940 0.936 0.931 0.926 0.921 0.915 0.910 0.905 0.900 0.894 0.889 0.884 0.879 0.873 0.868 0.863 0.858 0.852 0.847 0.842 0.836 0.831 0.825 0.820 0.814 0.808 0.802 0.796 0.789 0.783 0.777 0.770 0.770;
 0.764 0.764 0.773 0.781 0.789 0.796 0.804 0.811 0.818 0.825 0.832 0.838 0.844 0.851 0.856 0.862 0.868 0.873 0.879 0.884 0.890 0.895 0.900 0.905 0.911 0.915 0.920 0.925 0.930 0.934 0.939 0.943 0.946 0.947 0.932 0.000 0.934 0.947 0.946 0.943 0.940 0.936 0.932 0.928 0.924 0.920 0.916 0.911 0.907 0.903 0.898 0.894 0.890 0.885 0.881 0.876 0.872 0.867 0.863 0.858 0.853 0.848 0.843 0.838 0.833 0.828 0.822 0.817 0.811 0.805 0.805;
 0.801 0.801 0.808 0.815 0.822 0.828 0.834 0.840 0.846 0.852 0.858 0.863 0.868 0.873 0.878 0.883 0.888 0.892 0.897 0.901 0.906 0.910 0.914 0.919 0.923 0.927 0.931 0.935 0.938 0.942 0.945 0.948 0.949 0.949 0.931 0.000 0.933 0.949 0.950 0.948 0.946 0.943 0.940 0.937 0.933 0.930 0.926 0.923 0.919 0.915 0.912 0.908 0.904 0.900 0.897 0.893 0.889 0.885 0.881 0.877 0.873 0.868 0.864 0.859 0.855 0.850 0.846 0.841 0.836 0.831 0.831;
 0.827 0.827 0.834 0.839 0.845 0.851 0.856 0.861 0.866 0.871 0.876 0.881 0.885 0.889 0.893 0.897 0.902 0.905 0.909 0.913 0.917 0.921 0.924 0.928 0.931 0.935 0.938 0.941 0.944 0.947 0.949 0.951 0.951 0.949 0.928 0.000 0.931 0.949 0.951 0.951 0.949 0.947 0.945 0.942 0.940 0.937 0.934 0.931 0.928 0.925 0.921 0.918 0.915 0.911 0.908 0.905 0.901 0.898 0.894 0.891 0.887 0.883 0.879 0.875 0.871 0.867 0.863 0.858 0.854 0.849 0.849;
 0.847 0.847 0.852 0.857 0.862 0.867 0.872 0.876 0.881 0.885 0.889 0.893 0.897 0.901 0.905 0.908 0.912 0.915 0.918 0.922 0.925 0.928 0.932 0.934 0.937 0.940 0.943 0.945 0.948 0.950 0.951 0.953 0.952 0.949 0.925 0.000 0.928 0.949 0.952 0.953 0.952 0.950 0.948 0.946 0.944 0.942 0.939 0.937 0.934 0.931 0.928 0.925 0.922 0.920 0.917 0.914 0.911 0.908 0.904 0.901 0.898 0.894 0.891 0.887 0.883 0.880 0.876 0.872 0.868 0.864 0.864;
 0.862 0.862 0.866 0.871 0.875 0.880 0.884 0.888 0.892 0.896 0.900 0.903 0.907 0.910 0.913 0.916 0.919 0.922 0.925 0.928 0.931 0.934 0.937 0.939 0.942 0.944 0.947 0.949 0.950 0.952 0.953 0.954 0.953 0.948 0.922 0.000 0.925 0.948 0.953 0.954 0.953 0.952 0.951 0.949 0.947 0.945 0.943 0.941 0.939 0.936 0.934 0.931 0.929 0.926 0.923 0.921 0.918 0.915 0.912 0.909 0.906 0.903 0.900 0.896 0.893 0.890 0.886 0.883 0.879 0.875 0.875;
 0.873 0.873 0.878 0.882 0.886 0.890 0.893 0.897 0.901 0.904 0.908 0.911 0.914 0.917 0.920 0.923 0.925 0.928 0.931 0.933 0.936 0.939 0.941 0.943 0.945 0.947 0.949 0.951 0.952 0.954 0.954 0.954 0.953 0.947 0.919 0.000 0.922 0.947 0.953 0.954 0.954 0.954 0.953 0.952 0.950 0.948 0.947 0.944 0.942 0.940 0.938 0.936 0.933 0.931 0.929 0.926 0.924 0.921 0.918 0.916 0.913 0.910 0.907 0.904 0.901 0.898 0.895 0.891 0.888 0.884 0.884;
 0.883 0.883 0.887 0.890 0.894 0.898 0.901 0.904 0.908 0.911 0.914 0.917 0.920 0.923 0.925 0.928 0.930 0.933 0.935 0.937 0.940 0.942 0.944 0.946 0.948 0.950 0.951 0.953 0.954 0.955 0.955 0.955 0.952 0.946 0.915 0.000 0.919 0.946 0.952 0.955 0.955 0.955 0.954 0.953 0.952 0.950 0.949 0.947 0.945 0.943 0.941 0.939 0.937 0.935 0.933 0.931 0.928 0.926 0.923 0.921 0.918 0.915 0.913 0.910 0.907 0.904 0.901 0.898 0.895 0.892 0.892;
 0.890 0.890 0.894 0.898 0.901 0.904 0.907 0.910 0.913 0.916 0.919 0.922 0.925 0.927 0.929 0.932 0.934 0.936 0.938 0.941 0.943 0.945 0.947 0.948 0.950 0.952 0.953 0.954 0.955 0.955 0.955 0.954 0.952 0.944 0.912 0.000 0.916 0.945 0.952 0.954 0.955 0.956 0.955 0.954 0.953 0.952 0.951 0.949 0.948 0.946 0.944 0.942 0.940 0.938 0.936 0.934 0.932 0.930 0.927 0.925 0.923 0.920 0.918 0.915 0.912 0.910 0.907 0.904 0.901 0.898 0.898;
 0.897 0.897 0.900 0.903 0.906 0.909 0.912 0.915 0.918 0.921 0.923 0.926 0.928 0.931 0.933 0.935 0.937 0.939 0.941 0.943 0.945 0.947 0.949 0.950 0.952 0.953 0.954 0.955 0.956 0.956 0.955 0.954 0.951 0.943 0.908 0.000 0.913 0.943 0.951 0.954 0.955 0.956 0.956 0.955 0.954 0.953 0.952 0.951 0.949 0.948 0.946 0.944 0.942 0.941 0.939 0.937 0.935 0.933 0.931 0.929 0.926 0.924 0.922 0.919 0.917 0.914 0.912 0.909 0.906 0.903 0.903;
 0.902 0.902 0.905 0.908 0.911 0.914 0.917 0.919 0.922 0.924 0.927 0.929 0.932 0.934 0.936 0.938 0.940 0.942 0.943 0.945 0.947 0.949 0.950 0.952 0.953 0.954 0.955 0.956 0.956 0.956 0.955 0.954 0.950 0.941 0.905 0.000 0.910 0.942 0.950 0.954 0.955 0.956 0.956 0.956 0.955 0.954 0.953 0.952 0.951 0.949 0.948 0.946 0.944 0.943 0.941 0.939 0.938 0.936 0.934 0.931 0.929 0.927 0.925 0.923 0.920 0.918 0.915 0.913 0.910 0.907 0.907;
 0.906 0.906 0.909 0.912 0.915 0.918 0.920 0.923 0.925 0.928 0.930 0.932 0.934 0.936 0.938 0.940 0.942 0.944 0.945 0.947 0.949 0.950 0.952 0.953 0.954 0.955 0.956 0.956 0.956 0.956 0.955 0.953 0.949 0.940 0.901 0.000 0.907 0.940 0.949 0.953 0.955 0.956 0.956 0.956 0.956 0.955 0.954 0.953 0.952 0.951 0.949 0.948 0.946 0.945 0.943 0.941 0.940 0.938 0.936 0.934 0.932 0.930 0.928 0.926 0.923 0.921 0.919 0.916 0.914 0.911 0.911;
 0.910 0.910 0.913 0.916 0.918 0.921 0.923 0.925 0.928 0.930 0.932 0.934 0.936 0.938 0.940 0.942 0.944 0.945 0.947 0.948 0.950 0.951 0.953 0.954 0.955 0.955 0.956 0.956 0.956 0.956 0.955 0.953 0.948 0.938 0.898 0.000 0.904 0.939 0.948 0.953 0.955 0.956 0.956 0.957 0.956 0.956 0.955 0.954 0.953 0.952 0.950 0.949 0.948 0.946 0.945 0.943 0.941 0.940 0.938 0.936 0.934 0.932 0.930 0.928 0.926 0.924 0.922 0.919 0.917 0.914 0.914;
