function engplnt = d_engplnt_wh_vtc_d11k450eu6_eSCR_B20()

% PVCS substitution variables
% check "Expand substitution variables" in the dialog when
% you "Get" the file from PVCS to have the fields
% filled with information.
engplnt.version_info.file_name='%PM%';
engplnt.version_info.file_version='%PR%';

enginetype                      =  'd11k450eu6';

comp_info                       =  'Engine P3598 450Hp';

DATASET1_ID                     =  '***********';

DATASET2_ID                     =  '***********';

Tdata                           =  [
[0       ,800     ,900     ,1000    ,1100    ,1200    ,1300    ,1400    ,1500    ,1600    ,1700    ,1800    ,1900    ,2000    ,2100    ]
[-300    ,-16.15  ,-14.97  ,-14.16  ,-13.5   ,-12.81  ,-12.12  ,-11.47  ,-10.63  ,-9.87   ,-8.88   ,-8      ,-6.97   ,-5.99   ,-4.72   ]
[-200    ,-7.42   ,-6.58   ,-5.93   ,-5.29   ,-4.65   ,-3.96   ,-3.28   ,-2.45   ,-1.64   ,-0.7    ,0.25    ,1.33    ,2.45    ,3.71    ]
[-100    ,1.31    ,1.8     ,2.31    ,2.91    ,3.51    ,4.2     ,4.92    ,5.72    ,6.58    ,7.49    ,8.5     ,9.62    ,10.89   ,12.13   ]
[0       ,10.04   ,10.19   ,10.54   ,11.12   ,11.66   ,12.37   ,13.11   ,13.9    ,14.8    ,15.67   ,16.75   ,17.91   ,19.33   ,20.56   ]
[100     ,20.32   ,20.37   ,20.6    ,21.07   ,21.56   ,22.22   ,22.86   ,23.69   ,24.52   ,25.45   ,26.58   ,27.74   ,29.16   ,30.55   ]
[200     ,30.6    ,30.54   ,30.67   ,31.01   ,31.45   ,32.07   ,32.61   ,33.48   ,34.24   ,35.22   ,36.42   ,37.57   ,38.99   ,40.58   ]
[300     ,41.12   ,40.92   ,40.86   ,41.13   ,41.42   ,41.93   ,42.57   ,43.35   ,44.18   ,45.21   ,46.43   ,47.73   ,49.42   ,51.17   ]
[400     ,51.64   ,51.29   ,51.06   ,51.25   ,51.39   ,51.8    ,52.53   ,53.22   ,54.11   ,55.21   ,56.44   ,57.89   ,59.84   ,61.77   ]
[500     ,62.41   ,61.94   ,61.56   ,61.54   ,61.68   ,62.16   ,62.72   ,63.49   ,64.33   ,65.48   ,66.89   ,68.47   ,70.47   ,72.71   ]
[600     ,73.18   ,72.58   ,72.05   ,71.83   ,71.97   ,72.53   ,72.9    ,73.75   ,74.54   ,75.76   ,77.33   ,79.04   ,81.1    ,83.65   ]
[700     ,84.5    ,83.65   ,82.88   ,82.5    ,82.42   ,82.83   ,83.19   ,84.03   ,84.9    ,86.21   ,88.17   ,89.89   ,92.6    ,95.35   ]
[800     ,95.82   ,94.71   ,93.71   ,93.17   ,92.87   ,93.13   ,93.48   ,94.31   ,95.26   ,96.66   ,99.02   ,100.73  ,104.1   ,107.05  ]
[900     ,107.78  ,106.18  ,104.7   ,103.85  ,103.37  ,103.53  ,103.89  ,104.77  ,105.76  ,107.36  ,109.61  ,112.08  ,115.59  ,118.2   ]
[1000    ,119.73  ,117.64  ,115.68  ,114.53  ,113.86  ,113.94  ,114.29  ,115.22  ,116.26  ,118.07  ,120.2   ,123.44  ,127.08  ,129.35  ]
[1100    ,131.99  ,129.27  ,127.01  ,125.31  ,124.5   ,124.48  ,125.05  ,125.78  ,127.1   ,129.04  ,131.51  ,134.81  ,138.57  ,141.01  ]
[1200    ,144.25  ,140.9   ,138.34  ,136.09  ,135.13  ,135.02  ,135.82  ,136.34  ,137.95  ,140.02  ,142.82  ,146.19  ,150.05  ,152.67  ]
[1300    ,156.85  ,152.51  ,149.24  ,147.02  ,145.84  ,145.4   ,146.28  ,147.18  ,148.95  ,151.38  ,154.4   ,157.78  ,161.37  ,164.34  ]
[1400    ,169.45  ,164.13  ,160.15  ,157.95  ,156.55  ,155.79  ,156.75  ,158.03  ,159.96  ,162.73  ,165.99  ,169.37  ,172.68  ,176.01  ]
[1500    ,182.72  ,175.99  ,171.53  ,169.16  ,167.66  ,166.88  ,167.69  ,169.45  ,171.74  ,174.74  ,177.89  ,180.96  ,183.99  ,187.68  ]
[1600    ,195.99  ,187.86  ,182.91  ,180.37  ,178.76  ,177.98  ,178.64  ,180.86  ,183.52  ,186.74  ,189.79  ,192.55  ,195.31  ,199.35  ]
[1700    ,209.26  ,199.78  ,194.36  ,191.46  ,189.75  ,189.31  ,190.19  ,192.53  ,195.63  ,199.25  ,202.45  ,205.98  ,206.62  ,211.01  ]
[1800    ,222.53  ,211.82  ,205.8   ,202.55  ,200.74  ,200.64  ,201.74  ,204.19  ,207.75  ,211.76  ,214.76  ,219.41  ,217.94  ,222.68  ]
[1900    ,235.8   ,224     ,217.54  ,214.03  ,212.2   ,212.05  ,213.56  ,216.64  ,220.45  ,224.12  ,227.07  ,232.84  ,229.25  ,234.35  ]
[2000    ,249.07  ,236.19  ,229.28  ,225.51  ,223.65  ,223.45  ,225.39  ,229.08  ,232.75  ,236.49  ,239.38  ,246.26  ,240.56  ,246.02  ]
[2100    ,262.34  ,248.37  ,240.86  ,237.01  ,235.26  ,235.45  ,237.72  ,242.12  ,245.06  ,248.85  ,251.68  ,259.69  ,251.88  ,257.69  ]
[2200    ,275.61  ,260.56  ,252.24  ,248.31  ,247.09  ,248.33  ,251.48  ,255.16  ,257.36  ,261.22  ,263.99  ,273.12  ,263.19  ,269.36  ]
[2300    ,288.88  ,272.74  ,263.61  ,259.61  ,258.92  ,261.2   ,265.24  ,268.19  ,269.67  ,273.58  ,276.3   ,286.55  ,274.51  ,281.02  ]
];

smoother_tdata_map_needed       =  0;

DEB_TurboEfficiency             =  [
[0.3     ,0.2906  ,0.277   ,0.2605  ,0.2414  ,0.2194  ,0.1935  ,0.1629  ,0.1276  ,0.0923  ,0.0711  ,0.0819  ,0.1272  ,0.1933  ,0.2636  ,0.3251  ,0.3701  ,0.3971  ,0.4077  ,0.4058  ,0.3954  ,0.3806  ,0.3645  ,0.35    ]
[0.3307  ,0.3318  ,0.3303  ,0.3274  ,0.3237  ,0.3191  ,0.3128  ,0.3031  ,0.2857  ,0.2531  ,0.2109  ,0.2107  ,0.2587  ,0.3199  ,0.3843  ,0.4349  ,0.4647  ,0.4767  ,0.4732  ,0.4592  ,0.4398  ,0.4189  ,0.3996  ,0.3832  ]
[0.3522  ,0.3637  ,0.3754  ,0.3879  ,0.4022  ,0.4191  ,0.4395  ,0.4647  ,0.4969  ,0.5404  ,0.5915  ,0.5593  ,0.5006  ,0.4836  ,0.4891  ,0.4916  ,0.4939  ,0.4986  ,0.486   ,0.4728  ,0.455   ,0.438   ,0.4228  ,0.409   ]
[0.3638  ,0.3843  ,0.4071  ,0.4327  ,0.4616  ,0.4946  ,0.5324  ,0.5758  ,0.624   ,0.6711  ,0.701   ,0.7069  ,0.6712  ,0.6144  ,0.5737  ,0.5368  ,0.5092  ,0.4825  ,0.4629  ,0.4507  ,0.4523  ,0.4487  ,0.4402  ,0.4298  ]
[0.3643  ,0.3915  ,0.4224  ,0.4569  ,0.4946  ,0.5353  ,0.578   ,0.621   ,0.6609  ,0.6932  ,0.7166  ,0.7275  ,0.7045  ,0.6669  ,0.6232  ,0.5908  ,0.5526  ,0.5317  ,0.5159  ,0.5013  ,0.4863  ,0.4736  ,0.462   ,0.4505  ]
[0.3542  ,0.3859  ,0.4223  ,0.4623  ,0.5049  ,0.5487  ,0.5919  ,0.632   ,0.6669  ,0.6949  ,0.7184  ,0.7327  ,0.7163  ,0.6885  ,0.6522  ,0.6157  ,0.5806  ,0.5537  ,0.5375  ,0.5255  ,0.512   ,0.4974  ,0.4831  ,0.4696  ]
[0.3362  ,0.371   ,0.4112  ,0.4553  ,0.5013  ,0.5472  ,0.5911  ,0.631   ,0.6653  ,0.693   ,0.7144  ,0.7288  ,0.7215  ,0.6969  ,0.6618  ,0.6247  ,0.5911  ,0.5677  ,0.5524  ,0.5407  ,0.5274  ,0.5128  ,0.498   ,0.4837  ]
[0.3153  ,0.3523  ,0.3961  ,0.4436  ,0.4924  ,0.5403  ,0.5856  ,0.6268  ,0.6624  ,0.6915  ,0.7134  ,0.7251  ,0.7205  ,0.6987  ,0.6668  ,0.6314  ,0.6     ,0.575   ,0.5583  ,0.5471  ,0.5344  ,0.5202  ,0.5056  ,0.4914  ]
[0.3     ,0.3394  ,0.3856  ,0.4348  ,0.4847  ,0.5336  ,0.5798  ,0.6219  ,0.6585  ,0.688   ,0.7086  ,0.7182  ,0.7162  ,0.6985  ,0.6686  ,0.6328  ,0.6042  ,0.5794  ,0.5622  ,0.5494  ,0.5355  ,0.5208  ,0.5064  ,0.4929  ]
[0.3048  ,0.342   ,0.3857  ,0.4331  ,0.4816  ,0.5295  ,0.5751  ,0.6169  ,0.6535  ,0.6833  ,0.7047  ,0.7152  ,0.711   ,0.6947  ,0.6677  ,0.634   ,0.6052  ,0.5804  ,0.5609  ,0.5457  ,0.5298  ,0.5145  ,0.5009  ,0.4891  ]
[0.3177  ,0.353   ,0.3934  ,0.4372  ,0.4825  ,0.5277  ,0.571   ,0.611   ,0.6464  ,0.6754  ,0.6963  ,0.7067  ,0.704   ,0.6879  ,0.6632  ,0.632   ,0.6021  ,0.5779  ,0.5567  ,0.5349  ,0.516   ,0.5019  ,0.4911  ,0.4823  ]
[0.3325  ,0.3659  ,0.4033  ,0.4434  ,0.4848  ,0.5263  ,0.5663  ,0.6034  ,0.6362  ,0.6634  ,0.6834  ,0.6947  ,0.6955  ,0.6846  ,0.6603  ,0.6291  ,0.5991  ,0.5721  ,0.5451  ,0.5148  ,0.4982  ,0.4886  ,0.4819  ,0.4764  ]
[0.3465  ,0.378   ,0.4124  ,0.4489  ,0.4864  ,0.5238  ,0.5599  ,0.5933  ,0.6229  ,0.6474  ,0.6655  ,0.6761  ,0.6778  ,0.6694  ,0.6506  ,0.6243  ,0.5935  ,0.5611  ,0.5279  ,0.5059  ,0.4925  ,0.4847  ,0.4798  ,0.4759  ]
[0.3583  ,0.3878  ,0.4194  ,0.4524  ,0.4861  ,0.5194  ,0.5514  ,0.5809  ,0.6068  ,0.6282  ,0.6438  ,0.6527  ,0.654   ,0.6472  ,0.6324  ,0.6109  ,0.5849  ,0.5573  ,0.5317  ,0.5121  ,0.4992  ,0.4912  ,0.4859  ,0.4818  ]
[0.3672  ,0.3946  ,0.4235  ,0.4534  ,0.4834  ,0.5129  ,0.541   ,0.5667  ,0.5892  ,0.6075  ,0.6208  ,0.6284  ,0.6297  ,0.6246  ,0.6134  ,0.5972  ,0.5777  ,0.5571  ,0.5379  ,0.522   ,0.5103  ,0.5022  ,0.4964  ,0.4913  ]
